#Logger
1.0 3.0 1.0006570628781868
2.0 6.0 1.0008564833667823
3.0 9.0 0.9984885222478026
4.0 12.0 0.9966353901097005
5.0 15.0 0.9946603775408338
6.0 18.0 0.9951864543988032
7.0 21.0 0.9960429429109534
8.0 24.0 0.9975761575694243
9.0 27.0 0.9999101178714541
10.0 30.0 1.0004834943268062
11.0 33.0 1.0014593097181552
12.0 36.0 1.0006971334933754
13.0 39.0 1.0006114893192488
14.0 42.0 0.9986217350179575
15.0 45.0 0.9989492437891128
16.0 48.0 0.9989549170478166
17.0 51.0 0.9999554362909461
18.0 54.0 0.9994292386525336
19.0 57.0 0.999319271977593
20.0 60.0 0.9960105029836682
21.0 63.0 0.9914901728872512
22.0 66.0 0.9883498591878441
23.0 69.0 0.9839717787987231
24.0 72.0 0.9777142003190438
25.0 75.0 0.9714468250608832
26.0 78.0 0.9661879555992198
27.0 81.0 0.9600450804192496
28.0 84.0 0.9547499172402213
29.0 87.0 0.9493485010777815
30.0 90.0 0.9440758471881306
31.0 93.0 0.9416833597277888
32.0 96.0 0.9415087201787015
33.0 99.0 0.9414134774675625
34.0 102.0 0.9404301167220928
35.0 105.0 0.9381628184179617
36.0 108.0 0.9337420585651114
37.0 111.0 0.9286890838426011
38.0 114.0 0.9275142574691265
39.0 117.0 0.9252783634326923
40.0 120.0 0.9193156037794312
41.0 123.0 0.9123896177628485
42.0 126.0 0.9049159292474254
43.0 129.0 0.8983343652780554
44.0 132.0 0.8916436326271291
45.0 135.0 0.8861361247554134
46.0 138.0 0.8802985812222123
47.0 141.0 0.8753228295051657
48.0 144.0 0.8712015726791922
49.0 147.0 0.8677649765170802
50.0 150.0 0.863933979598081
51.0 153.0 0.8603195072574262
52.0 156.0 0.8544995773274323
53.0 159.0 0.8498707381389936
54.0 162.0 0.8464786423546188
55.0 165.0 0.8453980781552819
56.0 168.0 0.8423021736235949
57.0 171.0 0.8388032053910424
58.0 174.0 0.8356458131586941
59.0 177.0 0.8338693804327216
60.0 180.0 0.8320633257652136
61.0 183.0 0.8303620598844488
62.0 186.0 0.8276890904331414
63.0 189.0 0.8260728617235554
64.0 192.0 0.8252715005749668
65.0 195.0 0.8242106405068363
66.0 198.0 0.825006747044827
67.0 201.0 0.8258224327656367
68.0 204.0 0.8274191748256966
69.0 207.0 0.8305256479967301
70.0 210.0 0.8309797760051092
71.0 213.0 0.8317030985182625
72.0 216.0 0.8321353111035431
73.0 219.0 0.8339535065485079
74.0 222.0 0.8326408314678764
75.0 225.0 0.8313209636813911
76.0 228.0 0.8287275682458068
77.0 231.0 0.8261914390124524
78.0 234.0 0.8252135170166144
79.0 237.0 0.8260470337535815
80.0 240.0 0.8278552818871566
81.0 243.0 0.8284444334733265
82.0 246.0 0.8281633034024954
83.0 249.0 0.8282780688322466
84.0 252.0 0.8277797428402734
85.0 255.0 0.8264592468205426
86.0 258.0 0.8263560473539344
87.0 261.0 0.826443564964487
88.0 264.0 0.8248978091528959
89.0 267.0 0.8249168171772693
90.0 270.0 0.8259314452859164
91.0 273.0 0.8284602911014575
92.0 276.0 0.8313110444618151
93.0 279.0 0.8338748206084868
94.0 282.0 0.8365609937978827
95.0 285.0 0.8394175619558201
96.0 288.0 0.8419932687174578
97.0 291.0 0.8454427435072421
98.0 294.0 0.8458979132607329
99.0 297.0 0.8466041454211861
100.0 300.0 0.8471645708198633
101.0 303.0 0.8491897284784503
102.0 306.0 0.8516693493417417
103.0 309.0 0.8545801135694321
104.0 312.0 0.8579213322746182
105.0 315.0 0.8582973783251424
106.0 318.0 0.8581748238297793
107.0 321.0 0.8594329932822631
108.0 324.0 0.8618844078423313
109.0 327.0 0.865950498386492
110.0 330.0 0.8716194298210275
111.0 333.0 0.8740580865735499
112.0 336.0 0.8766337673485716
113.0 339.0 0.8777980704990427
114.0 342.0 0.879439645927918
115.0 345.0 0.8791338876707425
116.0 348.0 0.8782334118553846
117.0 351.0 0.8771741246064378
118.0 354.0 0.8789183128072557
119.0 357.0 0.881279889590647
120.0 360.0 0.8836538450896713
121.0 363.0 0.8870152814955788
122.0 366.0 0.8915867286459379
123.0 369.0 0.8978630300362671
124.0 372.0 0.9044046182054288
125.0 375.0 0.9111092269232615
126.0 378.0 0.9200136760527335
127.0 381.0 0.9269802347202094
128.0 384.0 0.9343937221143386
129.0 387.0 0.9437811855838952
130.0 390.0 0.9533044565755325
131.0 393.0 0.96221269078932
132.0 396.0 0.9721860018392493
133.0 399.0 0.9829847199195195
134.0 402.0 0.99266891070597
135.0 405.0 1.0044527025398042
136.0 408.0 1.0170090759342643
137.0 411.0 1.0309055430986827
138.0 414.0 1.0427959461481657
139.0 417.0 1.0530528275137523
140.0 420.0 1.0631026245291662
141.0 423.0 1.0733262905331422
142.0 426.0 1.083926790890355
143.0 429.0 1.096050931263044
144.0 432.0 1.1098473344374866
145.0 435.0 1.1238778119609136
146.0 438.0 1.1355025503383966
147.0 441.0 1.1442661735852533
148.0 444.0 1.1543529099434986
149.0 447.0 1.1650085207478356
150.0 450.0 1.1740695631608826
151.0 453.0 1.1817465974353054
152.0 456.0 1.1857798202964493
153.0 459.0 1.1909143812648038
154.0 462.0 1.1989584919909428
155.0 465.0 1.2039186133981692
156.0 468.0 1.2097691484879642
157.0 471.0 1.2157293621666758
158.0 474.0 1.2193990587391434
159.0 477.0 1.2232820864864333
160.0 480.0 1.2274406078199727
161.0 483.0 1.2333792206854344
162.0 486.0 1.242799750191052
163.0 489.0 1.249210178384546
164.0 492.0 1.2572692157412277
165.0 495.0 1.2662334727489521
166.0 498.0 1.2757854896250687
167.0 501.0 1.284408505863486
168.0 504.0 1.289572221303457
169.0 507.0 1.2945613755855765
170.0 510.0 1.2974511618449491
171.0 513.0 1.3036861956600547
172.0 516.0 1.3102690619475474
173.0 519.0 1.3144398747186297
174.0 522.0 1.3188625975982031
175.0 525.0 1.319227557773156
176.0 528.0 1.3220481792385563
177.0 531.0 1.3240279440025933
178.0 534.0 1.3265338719358297
179.0 537.0 1.3283818686054047
180.0 540.0 1.3306801863716324
181.0 543.0 1.3308731697188234
182.0 546.0 1.3301801198914973
183.0 549.0 1.3310790344723247
184.0 552.0 1.3326438926764193
185.0 555.0 1.3308785819533535
186.0 558.0 1.324859720494627
187.0 561.0 1.3172095689226122
188.0 564.0 1.3115467796802
189.0 567.0 1.3073250584057707
190.0 570.0 1.3021266386254842
191.0 573.0 1.2924800650930255
192.0 576.0 1.2820207852662364
193.0 579.0 1.2731513966673806
194.0 582.0 1.2680301999711427
195.0 585.0 1.265216912687038
196.0 588.0 1.26156515516673
197.0 591.0 1.257810141341815
198.0 594.0 1.2584254731357833
199.0 597.0 1.2590877728644707
200.0 600.0 1.2576038426251224
201.0 603.0 1.254863632708886
202.0 606.0 1.2527627330124076
203.0 609.0 1.2492169239069324
204.0 612.0 1.2433648482611246
205.0 615.0 1.2394864026388777
206.0 618.0 1.233847729570943
207.0 621.0 1.2265875446257275
208.0 624.0 1.2221632971377638
209.0 627.0 1.2163419393610722
210.0 630.0 1.2094600245707043
211.0 633.0 1.2026682532515227
212.0 636.0 1.1971875753998655
213.0 639.0 1.1921272455230998
214.0 642.0 1.1857960936667251
215.0 645.0 1.1807271893201163
216.0 648.0 1.1796417103010068
217.0 651.0 1.179836134652025
218.0 654.0 1.1809316096006173
219.0 657.0 1.180296534809659
220.0 660.0 1.1784946215678949
221.0 663.0 1.177022683470054
222.0 666.0 1.1761626792631208
223.0 669.0 1.1722985206615506
224.0 672.0 1.1680135198092423
225.0 675.0 1.1613363697977201
226.0 678.0 1.1543403569036288
227.0 681.0 1.1446405902877048
228.0 684.0 1.1325754695262669
229.0 687.0 1.1208087677463554
230.0 690.0 1.1135832786252187
231.0 693.0 1.1083440802281164
232.0 696.0 1.1042667843268832
233.0 699.0 1.0996958083693094
234.0 702.0 1.0956418426462189
235.0 705.0 1.0915098037926432
236.0 708.0 1.0869043306903945
237.0 711.0 1.082385214451311
238.0 714.0 1.0809478674320243
239.0 717.0 1.080486112329773
240.0 720.0 1.0810922317792349
241.0 723.0 1.0812011426490575
242.0 726.0 1.0815571521970606
243.0 729.0 1.0819958853166471
244.0 732.0 1.0835898627981528
245.0 735.0 1.0855049231187301
246.0 738.0 1.0891648814407522
247.0 741.0 1.093296574094442
248.0 744.0 1.0997180432154374
249.0 747.0 1.1062905322646825
250.0 750.0 1.112232464545581
251.0 753.0 1.115679252217926
252.0 756.0 1.1181786085135714
253.0 759.0 1.1221355988072406
254.0 762.0 1.12263192313125
255.0 765.0 1.1230458937195544
256.0 768.0 1.1211672712735499
257.0 771.0 1.1198090324405179
258.0 774.0 1.1183478437488397
259.0 777.0 1.1191743971350316
260.0 780.0 1.117921990769406
261.0 783.0 1.1145044495279692
262.0 786.0 1.1134353133469668
263.0 789.0 1.1167384857959644
264.0 792.0 1.1205941480873505
265.0 795.0 1.1253863636910726
266.0 798.0 1.1274398714214908
267.0 801.0 1.1344065236826704
268.0 804.0 1.1430578514160092
269.0 807.0 1.1521930030834089
270.0 810.0 1.1625209200594195
271.0 813.0 1.1721703307670182
272.0 816.0 1.1809361110663739
273.0 819.0 1.1880556879187845
274.0 822.0 1.1921145566673852
275.0 825.0 1.195841310524069
276.0 828.0 1.2009564920666547
277.0 831.0 1.2085056081645387
278.0 834.0 1.214118102175337
279.0 837.0 1.2224007121443774
280.0 840.0 1.2294186781095002
281.0 843.0 1.2378943762807326
282.0 846.0 1.2472242375081155
283.0 849.0 1.2562476687358681
284.0 852.0 1.2648006340547115
285.0 855.0 1.2744152532035633
286.0 858.0 1.2845317224303658
287.0 861.0 1.294229862980538
288.0 864.0 1.299168361712966
289.0 867.0 1.3029984825743073
290.0 870.0 1.307859396618671
291.0 873.0 1.3121214750643198
292.0 876.0 1.3133858926279802
293.0 879.0 1.3135218850282278
294.0 882.0 1.3143158006612679
295.0 885.0 1.3177327926460167
296.0 888.0 1.3195104413370795
297.0 891.0 1.3204280387830742
298.0 894.0 1.3239798340182716
299.0 897.0 1.3275432344409805
300.0 900.0 1.331813797931833
301.0 903.0 1.3326393789157687
302.0 906.0 1.3341230430370588
303.0 909.0 1.3384467640808124
304.0 912.0 1.344289138092869
305.0 915.0 1.3484469676795148
306.0 918.0 1.349162492248532
307.0 921.0 1.3475329170603516
308.0 924.0 1.3481155894948778
309.0 927.0 1.3490290302827446
310.0 930.0 1.3502357956399837
311.0 933.0 1.3479513134345185
312.0 936.0 1.3481767561335514
313.0 939.0 1.3446799685987363
314.0 942.0 1.3395628682082026
315.0 945.0 1.3326422904243498
316.0 948.0 1.327467217390504
317.0 951.0 1.3226152488627447
318.0 954.0 1.3177911759570007
319.0 957.0 1.3128188080712944
320.0 960.0 1.3119034657182802
321.0 963.0 1.3107559159601259
322.0 966.0 1.3090572560122407
323.0 969.0 1.30998326422999
324.0 972.0 1.3076346161070505
325.0 975.0 1.3060181688117178
326.0 978.0 1.303329155562084
327.0 981.0 1.298295419796603
328.0 984.0 1.290548672455328
329.0 987.0 1.2856650460165033
330.0 990.0 1.2834669983353908
331.0 993.0 1.2811319298712285
332.0 996.0 1.2800518249720945
333.0 999.0 1.2797037850119042
334.0 1002.0 1.281929210920645
335.0 1005.0 1.284032508063589
336.0 1008.0 1.2884863009664689
337.0 1011.0 1.2937387445658504
338.0 1014.0 1.3016768369351321
339.0 1017.0 1.3051539006119428
340.0 1020.0 1.3104507957018137
341.0 1023.0 1.3188259244733047
342.0 1026.0 1.3245503750176177
343.0 1029.0 1.3298849612209496
344.0 1032.0 1.335989227304676
345.0 1035.0 1.339281630253452
346.0 1038.0 1.3427626273194173
347.0 1041.0 1.3482768557847091
348.0 1044.0 1.3524837301053112
349.0 1047.0 1.3526398282358933
350.0 1050.0 1.3568196813101725
351.0 1053.0 1.3559793807765046
352.0 1056.0 1.3535011823918595
353.0 1059.0 1.3528981972386545
354.0 1062.0 1.3511515759515011
355.0 1065.0 1.3530575338353987
356.0 1068.0 1.3596510747589685
357.0 1071.0 1.3657494781980863
358.0 1074.0 1.3701291930782407
359.0 1077.0 1.375526671686222
360.0 1080.0 1.3786744518558038
361.0 1083.0 1.3793597392866386
362.0 1086.0 1.3766231548459764
363.0 1089.0 1.3772365014015366
364.0 1092.0 1.3776780576965444
365.0 1095.0 1.3769824594914515
366.0 1098.0 1.374578573720675
367.0 1101.0 1.3700579476878207
368.0 1104.0 1.3636344354425884
369.0 1107.0 1.3592229297203868
370.0 1110.0 1.3528255617338378
371.0 1113.0 1.350549390444536
372.0 1116.0 1.3489289065126349
373.0 1119.0 1.3447785192580255
374.0 1122.0 1.3418285590275305
375.0 1125.0 1.341317201133474
376.0 1128.0 1.3430971905277216
377.0 1131.0 1.343761106288826
378.0 1134.0 1.34387867084415
379.0 1137.0 1.343720964842621
380.0 1140.0 1.344605040654521
381.0 1143.0 1.3466394327808664
382.0 1146.0 1.3473322984857408
383.0 1149.0 1.3456502499286573
384.0 1152.0 1.3438523973257408
385.0 1155.0 1.344066224454506
386.0 1158.0 1.3411956964012697
387.0 1161.0 1.339852457495007
388.0 1164.0 1.3373417885556957
389.0 1167.0 1.3365605907136733
390.0 1170.0 1.337683526176288
391.0 1173.0 1.339177589189879
392.0 1176.0 1.3433215401441259
393.0 1179.0 1.3485768243014007
394.0 1182.0 1.35275089510166
395.0 1185.0 1.355426588149084
396.0 1188.0 1.362343629002412
397.0 1191.0 1.3667771084431835
398.0 1194.0 1.3697138225594148
399.0 1197.0 1.371004454624542
400.0 1200.0 1.3706323704625074
401.0 1203.0 1.371379297353217
402.0 1206.0 1.3729437767047998
403.0 1209.0 1.3751225930121125
404.0 1212.0 1.3780436224253527
405.0 1215.0 1.3800041771298455
406.0 1218.0 1.3845515484426136
407.0 1221.0 1.3937853090975931
408.0 1224.0 1.404438202303577
409.0 1227.0 1.4174277904212864
410.0 1230.0 1.4275507497194715
411.0 1233.0 1.4399001902778743
412.0 1236.0 1.4493319878667656
413.0 1239.0 1.4605326944255996
414.0 1242.0 1.4708181530495243
415.0 1245.0 1.4804242950403737
416.0 1248.0 1.4892945157299944
417.0 1251.0 1.4997044517029945
418.0 1254.0 1.5089836221551802
419.0 1257.0 1.5155504530801014
420.0 1260.0 1.5203720243176309
421.0 1263.0 1.5289277116367932
422.0 1266.0 1.5402211981001008
423.0 1269.0 1.549694468857114
424.0 1272.0 1.5590149574081107
425.0 1275.0 1.565560737568325
426.0 1278.0 1.5751883190599898
427.0 1281.0 1.588412231389783
428.0 1284.0 1.6009952867235508
429.0 1287.0 1.6105512213504443
430.0 1290.0 1.6219947973289741
431.0 1293.0 1.6302221669586985
432.0 1296.0 1.6385989948332538
433.0 1299.0 1.6481930409240164
434.0 1302.0 1.6559856568036389
435.0 1305.0 1.66474801616917
436.0 1308.0 1.6721214284153139
437.0 1311.0 1.6835968817288316
438.0 1314.0 1.6905166781092964
439.0 1317.0 1.6944412060090492
440.0 1320.0 1.703203069314124
441.0 1323.0 1.7104770607352002
442.0 1326.0 1.7187630905012616
443.0 1329.0 1.7269160671054646
444.0 1332.0 1.7343052191397874
445.0 1335.0 1.738749344777587
446.0 1338.0 1.7405201587434385
447.0 1341.0 1.740248301566858
448.0 1344.0 1.7377067634708259
449.0 1347.0 1.7344630453759449
450.0 1350.0 1.7318910760578685
451.0 1353.0 1.7333977234873277
452.0 1356.0 1.7361179465700656
453.0 1359.0 1.7379671837257484
454.0 1362.0 1.7370351614201403
455.0 1365.0 1.7367858740825406
456.0 1368.0 1.737620625301776
457.0 1371.0 1.7407349472905465
458.0 1374.0 1.744250025274658
459.0 1377.0 1.747488045380586
460.0 1380.0 1.7558186870870789
461.0 1383.0 1.7627913923613123
462.0 1386.0 1.7668006936161207
463.0 1389.0 1.7696475378601337
464.0 1392.0 1.7689059248661456
465.0 1395.0 1.7626303121984315
466.0 1398.0 1.7609704717157102
467.0 1401.0 1.7570627266999868
468.0 1404.0 1.7521179824485877
469.0 1407.0 1.7463752731237105
470.0 1410.0 1.737691399102842
471.0 1413.0 1.731324943974427
472.0 1416.0 1.7256981234228188
473.0 1419.0 1.717730492923834
474.0 1422.0 1.7110269161292069
475.0 1425.0 1.7042049280446159
476.0 1428.0 1.702284455737506
477.0 1431.0 1.700512594509318
478.0 1434.0 1.7011846874885626
479.0 1437.0 1.696755674274254
480.0 1440.0 1.6890443297711188
481.0 1443.0 1.6765294883021788
482.0 1446.0 1.6611686667853915
483.0 1449.0 1.6468008506509504
484.0 1452.0 1.6343839854916073
485.0 1455.0 1.6221752530651576
486.0 1458.0 1.6085879701594952
487.0 1461.0 1.5969168622100365
488.0 1464.0 1.5880417205834163
489.0 1467.0 1.577210281224795
490.0 1470.0 1.5681379822383599
491.0 1473.0 1.5543136176255417
492.0 1476.0 1.5390786870618263
493.0 1479.0 1.5245618888969084
494.0 1482.0 1.5093932216864667
495.0 1485.0 1.4956003832876001
496.0 1488.0 1.478762061609577
497.0 1491.0 1.4670204089913281
498.0 1494.0 1.4563834306877717
499.0 1497.0 1.444664664130993
500.0 1500.0 1.4326230069121713
501.0 1503.0 1.4191232714197506
502.0 1506.0 1.4060030795554974
503.0 1509.0 1.3940066371064128
504.0 1512.0 1.3796198341260761
505.0 1515.0 1.3643353672077185
506.0 1518.0 1.349308258175055
507.0 1521.0 1.3369057517048886
508.0 1524.0 1.326166834646026
509.0 1527.0 1.3150496830746623
510.0 1530.0 1.3033255050024177
511.0 1533.0 1.293206769117847
512.0 1536.0 1.28336599339521
513.0 1539.0 1.2755887721615613
514.0 1542.0 1.2695902918222934
515.0 1545.0 1.2639067895763285
516.0 1548.0 1.2614321911873636
517.0 1551.0 1.2592075961415727
518.0 1554.0 1.2597124309610512
519.0 1557.0 1.2581935421166721
520.0 1560.0 1.2529228290582117
521.0 1563.0 1.2462831462857402
522.0 1566.0 1.2404500465070112
523.0 1569.0 1.234582108903994
524.0 1572.0 1.2275444833049427
525.0 1575.0 1.2198580681154445
526.0 1578.0 1.212369282312134
527.0 1581.0 1.2029215473937385
528.0 1584.0 1.193258775662876
529.0 1587.0 1.183245886033099
530.0 1590.0 1.174045445282368
531.0 1593.0 1.1635264856887075
532.0 1596.0 1.155883748757924
533.0 1599.0 1.14785765357021
534.0 1602.0 1.1389572880106766
535.0 1605.0 1.1320038325244688
536.0 1608.0 1.1282198848036324
537.0 1611.0 1.1254916805874386
538.0 1614.0 1.1239668833597751
539.0 1617.0 1.1210843573638989
540.0 1620.0 1.115482077812528
541.0 1623.0 1.1120844455401853
542.0 1626.0 1.1085979782642454
543.0 1629.0 1.1015635238834722
544.0 1632.0 1.0967130495265662
545.0 1635.0 1.0923475637320301
546.0 1638.0 1.0884773342051195
547.0 1641.0 1.0831037385517197
548.0 1644.0 1.0797951878283558
549.0 1647.0 1.0758115853207881
550.0 1650.0 1.0737751379148546
551.0 1653.0 1.074009378438286
552.0 1656.0 1.0763454468590452
553.0 1659.0 1.0761173679872909
554.0 1662.0 1.0752399398288262
555.0 1665.0 1.0730448464480682
556.0 1668.0 1.0696126219887763
557.0 1671.0 1.0653807200074135
558.0 1674.0 1.0609668523583
559.0 1677.0 1.053074571821761
560.0 1680.0 1.0457789094735381
561.0 1683.0 1.038924496279347
562.0 1686.0 1.0340300624921153
563.0 1689.0 1.0304774866288953
564.0 1692.0 1.0314529408475264
565.0 1695.0 1.032946535557725
566.0 1698.0 1.0356588288476767
567.0 1701.0 1.0360805582020003
568.0 1704.0 1.0393155819818358
569.0 1707.0 1.0441785664530234
570.0 1710.0 1.0498737707100052
571.0 1713.0 1.0562114461429768
572.0 1716.0 1.062152530497824
573.0 1719.0 1.0696270921420332
574.0 1722.0 1.0783381646298897
575.0 1725.0 1.0858430530742624
576.0 1728.0 1.0948704282038326
577.0 1731.0 1.1045048574482756
578.0 1734.0 1.1115742733491756
579.0 1737.0 1.117795093940936
580.0 1740.0 1.1202908299202328
581.0 1743.0 1.1206061752741057
582.0 1746.0 1.1211356635805354
583.0 1749.0 1.1228407337991575
584.0 1752.0 1.1260923504852673
585.0 1755.0 1.130431367457828
586.0 1758.0 1.1316330367093566
587.0 1761.0 1.1330579706777852
588.0 1764.0 1.1364804659891663
589.0 1767.0 1.1412684091126861
590.0 1770.0 1.1474081305109742
591.0 1773.0 1.1560847568547368
592.0 1776.0 1.1617553613058607
593.0 1779.0 1.1665682897671648
594.0 1782.0 1.1722495644273332
595.0 1785.0 1.1777202455918676
596.0 1788.0 1.181685086675924
597.0 1791.0 1.1835287462583959
598.0 1794.0 1.1854671072225955
599.0 1797.0 1.1847736384761838
600.0 1800.0 1.1845713149708592
601.0 1803.0 1.1860327986161685
602.0 1806.0 1.1888591178401056
603.0 1809.0 1.1925810836690045
604.0 1812.0 1.197628528744583
605.0 1815.0 1.2005939311036848
606.0 1818.0 1.2053545863649033
607.0 1821.0 1.2087047409847655
608.0 1824.0 1.2127045785435104
609.0 1827.0 1.2159652348912624
610.0 1830.0 1.2179911019454555
611.0 1833.0 1.219645071561313
612.0 1836.0 1.2222198017473558
613.0 1839.0 1.2226928836480575
614.0 1842.0 1.2198629476554974
615.0 1845.0 1.2163089028974954
616.0 1848.0 1.2111999875630104
617.0 1851.0 1.2082573262089145
618.0 1854.0 1.2094528325205915
619.0 1857.0 1.2097610091675628
620.0 1860.0 1.2086898507926689
621.0 1863.0 1.2078720077197849
622.0 1866.0 1.2062368611905234
623.0 1869.0 1.206894724900016
624.0 1872.0 1.209614132702837
625.0 1875.0 1.2126044422969449
626.0 1878.0 1.2151390540586027
627.0 1881.0 1.2163241714767248
628.0 1884.0 1.2182329041190338
629.0 1887.0 1.2187372692327263
630.0 1890.0 1.2173925705277007
631.0 1893.0 1.2189960131123598
632.0 1896.0 1.2206162005610888
633.0 1899.0 1.2254957886465054
634.0 1902.0 1.2310964448196229
635.0 1905.0 1.2390976202367348
636.0 1908.0 1.2469313880646409
637.0 1911.0 1.254984965321469
638.0 1914.0 1.2582672577863407
639.0 1917.0 1.2628519272551078
640.0 1920.0 1.2677883275158637
641.0 1923.0 1.2731972131240408
642.0 1926.0 1.2765824001642423
643.0 1929.0 1.2751676705233668
644.0 1932.0 1.2740216168685876
645.0 1935.0 1.2714735219339512
646.0 1938.0 1.2682272735859277
647.0 1941.0 1.2655914945202338
648.0 1944.0 1.2604305873732489
649.0 1947.0 1.2532409411767114
650.0 1950.0 1.2441326045467027
651.0 1953.0 1.2370050685735026
652.0 1956.0 1.2327251018820211
653.0 1959.0 1.2313550332505476
654.0 1962.0 1.2299665133639888
655.0 1965.0 1.2310695156589604
656.0 1968.0 1.233661432165453
657.0 1971.0 1.2373472812107416
658.0 1974.0 1.242527941408849
659.0 1977.0 1.2453537226876552
660.0 1980.0 1.2475491768020446
661.0 1983.0 1.2529034036397417
662.0 1986.0 1.2588027775703414
663.0 1989.0 1.2634148989378722
664.0 1992.0 1.2668191403683933
665.0 1995.0 1.273133119327412
666.0 1998.0 1.2804847173979854
667.0 2001.0 1.285723200641585
668.0 2004.0 1.291481442261344
669.0 2007.0 1.2980331671286889
670.0 2010.0 1.301916498496409
671.0 2013.0 1.3026866256568541
672.0 2016.0 1.307414769161349
673.0 2019.0 1.313062104005334
674.0 2022.0 1.3180282076363685
675.0 2025.0 1.3223201987563586
676.0 2028.0 1.329543604891233
677.0 2031.0 1.3349317776736032
678.0 2034.0 1.3367306523686164
679.0 2037.0 1.340224188110983
680.0 2040.0 1.3427933164653683
681.0 2043.0 1.3433794257394527
682.0 2046.0 1.339975929952115
683.0 2049.0 1.3371181131372976
684.0 2052.0 1.3351760745495345
685.0 2055.0 1.3277484037090856
686.0 2058.0 1.320858486896414
687.0 2061.0 1.3134673823384841
688.0 2064.0 1.3048133564602196
689.0 2067.0 1.2952809995384629
690.0 2070.0 1.2858939923259785
691.0 2073.0 1.276785557765623
692.0 2076.0 1.2694612984242963
693.0 2079.0 1.2645268716437428
694.0 2082.0 1.2583923289153287
695.0 2085.0 1.2526993609037884
696.0 2088.0 1.2475743291881751
697.0 2091.0 1.2413736816986463
698.0 2094.0 1.2360814734956447
699.0 2097.0 1.23187737445816
700.0 2100.0 1.2283070034237773
701.0 2103.0 1.2189824954082682
702.0 2106.0 1.2100975647080943
703.0 2109.0 1.2016248058785186
704.0 2112.0 1.1934029564416386
705.0 2115.0 1.1847745727782582
706.0 2118.0 1.1736362158336542
707.0 2121.0 1.1633460212022648
708.0 2124.0 1.1562159713356692
709.0 2127.0 1.14586616927609
710.0 2130.0 1.1354554684951912
711.0 2133.0 1.1263810673695416
712.0 2136.0 1.1187328526550384
713.0 2139.0 1.1137484047730346
714.0 2142.0 1.1081196647337288
715.0 2145.0 1.104235117109637
716.0 2148.0 1.1004513928856676
717.0 2151.0 1.0959704759773228
718.0 2154.0 1.0930803007552896
719.0 2157.0 1.0930668490067335
720.0 2160.0 1.0939283234241985
721.0 2163.0 1.0934657395146232
722.0 2166.0 1.0913379278513935
723.0 2169.0 1.0909900490722997
724.0 2172.0 1.0920317107643995
725.0 2175.0 1.091131550631013
726.0 2178.0 1.0911344748589842
727.0 2181.0 1.088542883067592
728.0 2184.0 1.0853652179656557
729.0 2187.0 1.082655619112631
730.0 2190.0 1.0822429323702556
731.0 2193.0 1.0825070868255189
732.0 2196.0 1.0822928772897669
733.0 2199.0 1.0803203838974285
734.0 2202.0 1.078375854121522
735.0 2205.0 1.0773850759470687
736.0 2208.0 1.079384189045129
737.0 2211.0 1.081547993891907
738.0 2214.0 1.084172647120369
739.0 2217.0 1.0867964457209618
740.0 2220.0 1.0887193168409435
741.0 2223.0 1.090191871545214
742.0 2226.0 1.0916969130478864
743.0 2229.0 1.094810325464185
744.0 2232.0 1.0952279394974471
745.0 2235.0 1.0944071886761024
746.0 2238.0 1.0950788823175914
747.0 2241.0 1.0961853405577484
748.0 2244.0 1.093557072903563
749.0 2247.0 1.0921811636655545
750.0 2250.0 1.0909211435706645
751.0 2253.0 1.0909389390963182
752.0 2256.0 1.0910133228991303
753.0 2259.0 1.0923021198528864
754.0 2262.0 1.0908583772580045
755.0 2265.0 1.0918581743779572
756.0 2268.0 1.0919799406161215
757.0 2271.0 1.0900972643153761
758.0 2274.0 1.0883769486990196
759.0 2277.0 1.0856084348953683
760.0 2280.0 1.0821627695367724
761.0 2283.0 1.0797973082645225
762.0 2286.0 1.0789548365596182
763.0 2289.0 1.0791340141176295
764.0 2292.0 1.0797509191681343
765.0 2295.0 1.0801377401998866
766.0 2298.0 1.0788004642942122
767.0 2301.0 1.079417289031414
768.0 2304.0 1.0814972926114848
769.0 2307.0 1.085128121195437
770.0 2310.0 1.0874909366387921
771.0 2313.0 1.0896550826717357
772.0 2316.0 1.0912678368598339
773.0 2319.0 1.0918018741085618
774.0 2322.0 1.0892628416891392
775.0 2325.0 1.0863033012385577
776.0 2328.0 1.0836002903060544
777.0 2331.0 1.0801884046160368
778.0 2334.0 1.0761012658551519
779.0 2337.0 1.0721641621193523
780.0 2340.0 1.0665656983417846
781.0 2343.0 1.0599539644547744
782.0 2346.0 1.0537538123940369
783.0 2349.0 1.0471320016119445
784.0 2352.0 1.0416539655735753
785.0 2355.0 1.0368574169548626
786.0 2358.0 1.032198105647633
787.0 2361.0 1.028417425233444
788.0 2364.0 1.0245317551778252
789.0 2367.0 1.0210546720593432
790.0 2370.0 1.0162190571039937
791.0 2373.0 1.0120920854310536
792.0 2376.0 1.0107624619315942
793.0 2379.0 1.0095192420994992
794.0 2382.0 1.0053330815744956
795.0 2385.0 1.0011062080242334
796.0 2388.0 0.9983878041810659
797.0 2391.0 0.9969372338333026
798.0 2394.0 0.9951363643064789
799.0 2397.0 0.9916566453381506
800.0 2400.0 0.9900306659243059
801.0 2403.0 0.9886381752579269
802.0 2406.0 0.9885336195858779
803.0 2409.0 0.9901396454197366
804.0 2412.0 0.9940081965356825
805.0 2415.0 0.9979524233805931
806.0 2418.0 1.0019288675104228
807.0 2421.0 1.0065256218143057
808.0 2424.0 1.0110628935742252
809.0 2427.0 1.0165733910979706
810.0 2430.0 1.024152992144515
811.0 2433.0 1.0297591283827499
812.0 2436.0 1.0352254366728817
813.0 2439.0 1.0428295498060685
814.0 2442.0 1.0508851178312277
815.0 2445.0 1.0601598720902647
816.0 2448.0 1.0700311533019122
817.0 2451.0 1.0767175045852886
818.0 2454.0 1.0840003762409733
819.0 2457.0 1.0921332775161232
820.0 2460.0 1.0996063767320923
821.0 2463.0 1.1091783444922445
822.0 2466.0 1.1183249554533645
823.0 2469.0 1.1259741221433879
824.0 2472.0 1.1367914627493276
825.0 2475.0 1.1447586634960847
826.0 2478.0 1.1529042904982623
827.0 2481.0 1.1585690230259167
828.0 2484.0 1.1654845607595319
829.0 2487.0 1.1706358298531738
830.0 2490.0 1.1765057700347312
831.0 2493.0 1.1815581411272316
832.0 2496.0 1.1887644152178183
833.0 2499.0 1.1949321642346924
834.0 2502.0 1.1996134852156706
835.0 2505.0 1.202109326512565
836.0 2508.0 1.2068929221637734
837.0 2511.0 1.2099750013042683
838.0 2514.0 1.2143116149604132
839.0 2517.0 1.2163548179529422
840.0 2520.0 1.219228338159609
841.0 2523.0 1.2218307999089881
842.0 2526.0 1.221939434259751
843.0 2529.0 1.2220630353292696
844.0 2532.0 1.2240527907893122
845.0 2535.0 1.2271406664572662
846.0 2538.0 1.228308682323115
847.0 2541.0 1.2251217830908547
848.0 2544.0 1.2235546466672622
849.0 2547.0 1.2230556066254925
850.0 2550.0 1.2232556829667212
851.0 2553.0 1.2229957206049356
852.0 2556.0 1.2233810435925097
853.0 2559.0 1.224241973119089
854.0 2562.0 1.2273602968592048
855.0 2565.0 1.2313386844635077
856.0 2568.0 1.2358740857238089
857.0 2571.0 1.2396471555395947
858.0 2574.0 1.2415070217679218
859.0 2577.0 1.2410910062234466
860.0 2580.0 1.2426908687221179
861.0 2583.0 1.246482552761741
862.0 2586.0 1.2526002659085715
863.0 2589.0 1.259901096897679
864.0 2592.0 1.2628264606386446
865.0 2595.0 1.2631889615841523
866.0 2598.0 1.2638976104557076
867.0 2601.0 1.2647990534303875
868.0 2604.0 1.2656327275806412
869.0 2607.0 1.2686971860040699
870.0 2610.0 1.2713969270710253
871.0 2613.0 1.273970634307181
872.0 2616.0 1.2780773755415469
873.0 2619.0 1.2804409684041564
874.0 2622.0 1.2841909413107322
875.0 2625.0 1.2880651220126693
876.0 2628.0 1.2960021806082587
877.0 2631.0 1.3080152103641831
878.0 2634.0 1.319359025763677
879.0 2637.0 1.32707600514932
880.0 2640.0 1.3331398718212624
881.0 2643.0 1.337164952133135
882.0 2646.0 1.3378275222577014
883.0 2649.0 1.3407323921975167
884.0 2652.0 1.3439662763624451
885.0 2655.0 1.3455742008591387
886.0 2658.0 1.3468691305787375
887.0 2661.0 1.3488463708116691
888.0 2664.0 1.3507933596004644
889.0 2667.0 1.3516244456512312
890.0 2670.0 1.3511151550098697
891.0 2673.0 1.3499304502631964
892.0 2676.0 1.3483901468388337
893.0 2679.0 1.3457011471280733
894.0 2682.0 1.3425133507068174
895.0 2685.0 1.3402009418943843
896.0 2688.0 1.339905987872308
897.0 2691.0 1.3402317791316356
898.0 2694.0 1.3395448567722779
899.0 2697.0 1.3387403610903
900.0 2700.0 1.3388690801137146
901.0 2703.0 1.3391012567356673
902.0 2706.0 1.3391807290535027
903.0 2709.0 1.3408583041910218
904.0 2712.0 1.3429611020783563
905.0 2715.0 1.3419791579152982
906.0 2718.0 1.3432828103946202
907.0 2721.0 1.3455432183435503
908.0 2724.0 1.3431833321569675
909.0 2727.0 1.3437672667582485
910.0 2730.0 1.3443465426383758
911.0 2733.0 1.3438415278332803
912.0 2736.0 1.343026544786723
913.0 2739.0 1.3405837911681284
914.0 2742.0 1.3389640767374205
915.0 2745.0 1.338847980905269
916.0 2748.0 1.3381213572303634
917.0 2751.0 1.3356284038923008
918.0 2754.0 1.332554373654608
919.0 2757.0 1.3302150616320776
920.0 2760.0 1.3286482539353817
921.0 2763.0 1.3271135123383362
922.0 2766.0 1.3234156086743998
923.0 2769.0 1.3193699958034337
924.0 2772.0 1.3173314038145953
925.0 2775.0 1.3172370069357262
926.0 2778.0 1.3174915656849018
927.0 2781.0 1.3156022708321413
928.0 2784.0 1.3164111803304366
929.0 2787.0 1.3179171139023804
930.0 2790.0 1.3209724608803475
931.0 2793.0 1.3247453016695887
932.0 2796.0 1.3289501634706355
933.0 2799.0 1.3328111983491877
934.0 2802.0 1.3367521358293228
935.0 2805.0 1.3414955123593812
936.0 2808.0 1.3472844458060484
937.0 2811.0 1.3511836644078676
938.0 2814.0 1.3546449995913492
939.0 2817.0 1.3594668891484074
940.0 2820.0 1.3657504934960631
941.0 2823.0 1.3712208261179275
942.0 2826.0 1.3746327168095531
943.0 2829.0 1.381386790810982
944.0 2832.0 1.388684072946505
945.0 2835.0 1.395762436699179
946.0 2838.0 1.4042177987754503
947.0 2841.0 1.413412536943012
948.0 2844.0 1.424419512445461
949.0 2847.0 1.4365162432897847
950.0 2850.0 1.4449477449953907
951.0 2853.0 1.4524048159957892
952.0 2856.0 1.4562169141058547
953.0 2859.0 1.4574355531201117
954.0 2862.0 1.45806477358498
955.0 2865.0 1.4581795470593562
956.0 2868.0 1.459450378156763
957.0 2871.0 1.4590805213249212
958.0 2874.0 1.4569684137535064
959.0 2877.0 1.4523899051517377
960.0 2880.0 1.4499036852561211
961.0 2883.0 1.4479091054594915
962.0 2886.0 1.443546523990106
963.0 2889.0 1.4415171361551933
964.0 2892.0 1.4365169100779656
965.0 2895.0 1.4328605762484166
966.0 2898.0 1.4309565087667517
967.0 2901.0 1.4289774104655495
968.0 2904.0 1.4322846962291085
969.0 2907.0 1.4341956388511652
970.0 2910.0 1.438649838427459
971.0 2913.0 1.4422264383647927
972.0 2916.0 1.4458260065723967
973.0 2919.0 1.4490756988512452
974.0 2922.0 1.4515409831682002
975.0 2925.0 1.4490967778309651
976.0 2928.0 1.444677103264892
977.0 2931.0 1.4407951954713232
978.0 2934.0 1.4403322277482784
979.0 2937.0 1.435546775477613
980.0 2940.0 1.4288407426080203
981.0 2943.0 1.420648469717951
982.0 2946.0 1.4160269839137456
983.0 2949.0 1.4120545605996027
984.0 2952.0 1.4124691747722538
985.0 2955.0 1.4130347167406823
986.0 2958.0 1.4154973266159432
987.0 2961.0 1.4188603145743848
988.0 2964.0 1.4209855059899252
989.0 2967.0 1.4233096438554287
990.0 2970.0 1.4245815553642185
991.0 2973.0 1.4249087950650154
992.0 2976.0 1.4217702519440845
993.0 2979.0 1.4222482980089843
994.0 2982.0 1.4234215310231504
995.0 2985.0 1.423862474306912
996.0 2988.0 1.4279259685537051
997.0 2991.0 1.4321934579822453
998.0 2994.0 1.4389540785097812
999.0 2997.0 1.4436826216206533
1000.0 3000.0 1.4485540199185898
1001.0 3003.0 1.4548549199701173
1002.0 3006.0 1.4658879558182558
1003.0 3009.0 1.4772494641232932
1004.0 3012.0 1.4862361698862352
1005.0 3015.0 1.4951013565069062
1006.0 3018.0 1.5010771533090184
1007.0 3021.0 1.5023922862509402
1008.0 3024.0 1.503756650051364
1009.0 3027.0 1.505051659406008
1010.0 3030.0 1.5109731765978998
1011.0 3033.0 1.5164454875796487
1012.0 3036.0 1.521292814582748
1013.0 3039.0 1.5259704300288561
1014.0 3042.0 1.529947066734932
1015.0 3045.0 1.533822090563422
1016.0 3048.0 1.5344928913209452
1017.0 3051.0 1.5348120474352533
1018.0 3054.0 1.5363745943207914
1019.0 3057.0 1.540429434978459
1020.0 3060.0 1.542756420607131
1021.0 3063.0 1.5422661779569118
1022.0 3066.0 1.542547556404852
1023.0 3069.0 1.5425659488547903
1024.0 3072.0 1.5409300808653903
1025.0 3075.0 1.5396540005411539
1026.0 3078.0 1.5383470474309382
1027.0 3081.0 1.539555031675384
1028.0 3084.0 1.5421912107326532
1029.0 3087.0 1.5450976688140694
1030.0 3090.0 1.551849641328669
1031.0 3093.0 1.5583359392339988
1032.0 3096.0 1.5682134911287127
1033.0 3099.0 1.5813429542904611
1034.0 3102.0 1.5938818701432231
1035.0 3105.0 1.605232538622956
1036.0 3108.0 1.6151390051763659
1037.0 3111.0 1.621985297949031
1038.0 3114.0 1.6271328975306154
1039.0 3117.0 1.6320841092798486
1040.0 3120.0 1.6348672929351025
1041.0 3123.0 1.6395192155907239
1042.0 3126.0 1.643558347195846
1043.0 3129.0 1.6449304622481244
1044.0 3132.0 1.6432424984128287
1045.0 3135.0 1.645322309445133
1046.0 3138.0 1.6457082273707855
1047.0 3141.0 1.640341750572487
1048.0 3144.0 1.6370587739631057
1049.0 3147.0 1.6339868007124163
1050.0 3150.0 1.6331770249544106
1051.0 3153.0 1.6270942534524988
1052.0 3156.0 1.6193217334232655
1053.0 3159.0 1.60665357407313
1054.0 3162.0 1.5987653743525443
1055.0 3165.0 1.5894003965011534
1056.0 3168.0 1.5775973747532221
1057.0 3171.0 1.56796391644122
1058.0 3174.0 1.554164403576752
1059.0 3177.0 1.5429970536713526
1060.0 3180.0 1.5332809507854264
1061.0 3183.0 1.521691625664506
1062.0 3186.0 1.51267640305282
1063.0 3189.0 1.5080158038704934
1064.0 3192.0 1.5048665428101924
1065.0 3195.0 1.5042828143061764
1066.0 3198.0 1.5052310585363489
1067.0 3201.0 1.504952426959381
1068.0 3204.0 1.5039519538806516
1069.0 3207.0 1.5071170026825926
1070.0 3210.0 1.5120018569234377
1071.0 3213.0 1.514511892666739
1072.0 3216.0 1.5182934650323083
1073.0 3219.0 1.5218543942303606
1074.0 3222.0 1.5247163945468019
1075.0 3225.0 1.5309317213750957
1076.0 3228.0 1.5375214614587014
1077.0 3231.0 1.5404817600220997
1078.0 3234.0 1.547524783064493
1079.0 3237.0 1.5531445239513066
1080.0 3240.0 1.5600049771101137
1081.0 3243.0 1.5641232737551174
1082.0 3246.0 1.5703920980504813
1083.0 3249.0 1.5734022894095434
1084.0 3252.0 1.5761901972997292
1085.0 3255.0 1.575013358438674
1086.0 3258.0 1.5702870781411515
1087.0 3261.0 1.5609632461115068
1088.0 3264.0 1.553995659950624
1089.0 3267.0 1.5478406009308783
1090.0 3270.0 1.544593608063129
1091.0 3273.0 1.5422394698791124
1092.0 3276.0 1.5398184538875925
1093.0 3279.0 1.539377748315615
1094.0 3282.0 1.542017451344134
1095.0 3285.0 1.5462258837693066
1096.0 3288.0 1.5502093318915715
1097.0 3291.0 1.5547027804076612
1098.0 3294.0 1.5550683626256965
1099.0 3297.0 1.5523704592224064
1100.0 3300.0 1.5478344021950867
1101.0 3303.0 1.546560682475447
1102.0 3306.0 1.5421090852779697
1103.0 3309.0 1.5404203523016253
1104.0 3312.0 1.5402663215631534
1105.0 3315.0 1.5396090503129423
1106.0 3318.0 1.5380661790032861
1107.0 3321.0 1.536634231749694
1108.0 3324.0 1.5371805682555435
1109.0 3327.0 1.538300688256258
1110.0 3330.0 1.5401057276051526
1111.0 3333.0 1.5404091975806145
1112.0 3336.0 1.5343269232633858
1113.0 3339.0 1.527885905415978
1114.0 3342.0 1.5244630740150762
1115.0 3345.0 1.5166419612929554
1116.0 3348.0 1.5050631594558301
1117.0 3351.0 1.4971673887551413
1118.0 3354.0 1.4919472644531122
1119.0 3357.0 1.488022715283381
1120.0 3360.0 1.4883401453839709
1121.0 3363.0 1.4882270312185941
1122.0 3366.0 1.4888640335435106
1123.0 3369.0 1.4903796827512499
1124.0 3372.0 1.4927636509746194
1125.0 3375.0 1.497961459992645
1126.0 3378.0 1.504482971762961
1127.0 3381.0 1.5105852110614335
1128.0 3384.0 1.5137609380477457
1129.0 3387.0 1.521834344497257
1130.0 3390.0 1.5249766329968675
1131.0 3393.0 1.5282322710920189
1132.0 3396.0 1.5304531065836446
1133.0 3399.0 1.5314916372488827
1134.0 3402.0 1.5313973868800625
1135.0 3405.0 1.5298988047457935
1136.0 3408.0 1.529147162380676
1137.0 3411.0 1.525241800641675
1138.0 3414.0 1.5192266964264303
1139.0 3417.0 1.5141374614960628
1140.0 3420.0 1.5088268105992764
1141.0 3423.0 1.503776265246353
1142.0 3426.0 1.5022937673304182
1143.0 3429.0 1.501240691055468
1144.0 3432.0 1.5010123534419646
1145.0 3435.0 1.4975339606973657
1146.0 3438.0 1.4931236149012233
1147.0 3441.0 1.4886183614154203
1148.0 3444.0 1.4838856121679465
1149.0 3447.0 1.4761415330445702
1150.0 3450.0 1.4665057840805744
1151.0 3453.0 1.4579062652514694
1152.0 3456.0 1.4483310789005535
1153.0 3459.0 1.441390811221209
1154.0 3462.0 1.433129423508233
1155.0 3465.0 1.4260314342897882
1156.0 3468.0 1.4189185327210496
1157.0 3471.0 1.4112721091716378
1158.0 3474.0 1.405685006879003
1159.0 3477.0 1.4017593490569225
1160.0 3480.0 1.3980663302390457
1161.0 3483.0 1.3961568268428004
1162.0 3486.0 1.3937397060144414
1163.0 3489.0 1.388551647373258
1164.0 3492.0 1.3829498076745443
1165.0 3495.0 1.3761962062100077
1166.0 3498.0 1.368653685615015
1167.0 3501.0 1.3623128042815162
1168.0 3504.0 1.3558102761191653
1169.0 3507.0 1.3500855767436841
1170.0 3510.0 1.3439856867447357
1171.0 3513.0 1.3396160831095372
1172.0 3516.0 1.3358748061365
1173.0 3519.0 1.3327250515108076
1174.0 3522.0 1.3312216815662843
1175.0 3525.0 1.3268686097954885
1176.0 3528.0 1.3211861892333465
1177.0 3531.0 1.3135154536881009
1178.0 3534.0 1.30732626062922
1179.0 3537.0 1.303260708366662
1180.0 3540.0 1.298319285697593
1181.0 3543.0 1.2966140146149427
1182.0 3546.0 1.2928691405505888
1183.0 3549.0 1.2869044995698324
1184.0 3552.0 1.281887484819227
1185.0 3555.0 1.28247618615516
1186.0 3558.0 1.282805241062438
1187.0 3561.0 1.2838063163561217
1188.0 3564.0 1.2832632542636089
1189.0 3567.0 1.2831667127881612
1190.0 3570.0 1.2818233189642967
1191.0 3573.0 1.2805047156581553
1192.0 3576.0 1.2847304512736637
1193.0 3579.0 1.2885427205298026
1194.0 3582.0 1.2874535666350346
1195.0 3585.0 1.2883676757623364
1196.0 3588.0 1.2889016721701358
1197.0 3591.0 1.2873048554181827
1198.0 3594.0 1.2862039127186649
1199.0 3597.0 1.2854983609098347
1200.0 3600.0 1.2884681140640741
1201.0 3603.0 1.2920674225365412
1202.0 3606.0 1.2927794776350103
1203.0 3609.0 1.2932112974202967
1204.0 3612.0 1.292674669591167
1205.0 3615.0 1.2931509100960952
1206.0 3618.0 1.2928587603178752
1207.0 3621.0 1.2940003440473782
1208.0 3624.0 1.2940108293152786
1209.0 3627.0 1.2950771975208317
1210.0 3630.0 1.2956518280943372
1211.0 3633.0 1.2905664480124237
1212.0 3636.0 1.287539765661188
1213.0 3639.0 1.285766498594715
1214.0 3642.0 1.2848226529216802
1215.0 3645.0 1.283105832809452
1216.0 3648.0 1.280934845556499
1217.0 3651.0 1.2770470492324772
1218.0 3654.0 1.270973667381206
1219.0 3657.0 1.2645460490250224
1220.0 3660.0 1.2582631272793847
1221.0 3663.0 1.2538840996509255
1222.0 3666.0 1.250482235632536
1223.0 3669.0 1.2484228827701689
1224.0 3672.0 1.2482098420756078
1225.0 3675.0 1.2508950881270062
1226.0 3678.0 1.2503307460583903
1227.0 3681.0 1.2497706246007054
1228.0 3684.0 1.247145337555012
1229.0 3687.0 1.240575843065153
1230.0 3690.0 1.2318539093341931
1231.0 3693.0 1.2245237653199306
1232.0 3696.0 1.2183625955939201
1233.0 3699.0 1.2109323849163898
1234.0 3702.0 1.2055019305738077
1235.0 3705.0 1.2013027619968564
1236.0 3708.0 1.1956273906049106
1237.0 3711.0 1.19363123926046
1238.0 3714.0 1.1927895838251454
1239.0 3717.0 1.1927891808707858
1240.0 3720.0 1.1936160287834914
1241.0 3723.0 1.1954102190083324
1242.0 3726.0 1.197112325479603
1243.0 3729.0 1.1996225189645209
1244.0 3732.0 1.1979122643801399
1245.0 3735.0 1.1928428553251722
1246.0 3738.0 1.1886292525429374
1247.0 3741.0 1.1822617242610762
1248.0 3744.0 1.173664991736235
1249.0 3747.0 1.1661213994952206
1250.0 3750.0 1.1594697653074186
1251.0 3753.0 1.1560587850105117
1252.0 3756.0 1.1517336590109497
1253.0 3759.0 1.1493360203558811
1254.0 3762.0 1.148129620504038
1255.0 3765.0 1.1447138850057679
1256.0 3768.0 1.143111471969319
1257.0 3771.0 1.1396951921635028
1258.0 3774.0 1.136819766588395
1259.0 3777.0 1.132575466436228
1260.0 3780.0 1.1312093272814736
1261.0 3783.0 1.129402297642129
1262.0 3786.0 1.129201068041808
1263.0 3789.0 1.1297114257139196
1264.0 3792.0 1.1300171169299882
1265.0 3795.0 1.1292101019035357
1266.0 3798.0 1.1255548856243374
1267.0 3801.0 1.1202226332745482
1268.0 3804.0 1.1170562169772262
1269.0 3807.0 1.1160283151604617
1270.0 3810.0 1.1136132143587887
1271.0 3813.0 1.11178170770206
1272.0 3816.0 1.108684388917096
1273.0 3819.0 1.1079027014345348
1274.0 3822.0 1.1060955367780743
1275.0 3825.0 1.1047758434693462
1276.0 3828.0 1.1047262863293943
1277.0 3831.0 1.1032144602196083
1278.0 3834.0 1.1001088672190718
1279.0 3837.0 1.0949496295061003
1280.0 3840.0 1.0881333832154274
1281.0 3843.0 1.0812510210166797
1282.0 3846.0 1.0740520889004126
1283.0 3849.0 1.0661739893511855
1284.0 3852.0 1.0577036157687805
1285.0 3855.0 1.0504949643431853
1286.0 3858.0 1.0419511875948033
1287.0 3861.0 1.0345987230701974
1288.0 3864.0 1.0252887342926589
1289.0 3867.0 1.014013494969459
1290.0 3870.0 1.0048981754738502
1291.0 3873.0 0.9944295110285134
1292.0 3876.0 0.9856778092172402
1293.0 3879.0 0.9782237663235887
1294.0 3882.0 0.9723770004558465
1295.0 3885.0 0.965360684770336
1296.0 3888.0 0.9610872954370137
1297.0 3891.0 0.955661179939203
1298.0 3894.0 0.9511352949153493
1299.0 3897.0 0.9472495434038369
1300.0 3900.0 0.9437465655066509
1301.0 3903.0 0.9385507946376396
1302.0 3906.0 0.9338914005035247
1303.0 3909.0 0.9280020948684924
1304.0 3912.0 0.9234152800743902
1305.0 3915.0 0.9174324518071096
1306.0 3918.0 0.9121876468720408
1307.0 3921.0 0.9107678373460182
1308.0 3924.0 0.9086443828593878
1309.0 3927.0 0.9048838492267787
1310.0 3930.0 0.9025973206697188
1311.0 3933.0 0.9008709112919794
1312.0 3936.0 0.9006401258550185
1313.0 3939.0 0.8972093580625728
1314.0 3942.0 0.8951135019662735
1315.0 3945.0 0.89249004119344
1316.0 3948.0 0.8901668663284447
1317.0 3951.0 0.8875943022805475
1318.0 3954.0 0.8864081754918407
1319.0 3957.0 0.8878724398670919
1320.0 3960.0 0.8910189848221076
1321.0 3963.0 0.8942485621351833
1322.0 3966.0 0.8993526347772007
1323.0 3969.0 0.9044778637319203
1324.0 3972.0 0.9091324436754572
1325.0 3975.0 0.9131793409279844
1326.0 3978.0 0.9172315671667977
1327.0 3981.0 0.921318132526474
1328.0 3984.0 0.926788123680599
1329.0 3987.0 0.9303664890969743
1330.0 3990.0 0.9341811621447463
1331.0 3993.0 0.9376839628035212
1332.0 3996.0 0.9411428754318005
1333.0 3999.0 0.9438948522314442
1334.0 4002.0 0.9482198600791896
1335.0 4005.0 0.9551362250638168
1336.0 4008.0 0.9601030393440432
1337.0 4011.0 0.9634624072024578
1338.0 4014.0 0.9684228558907888
1339.0 4017.0 0.9749968493543442
1340.0 4020.0 0.980658891443572
1341.0 4023.0 0.9860091721038082
1342.0 4026.0 0.9895584095331357
1343.0 4029.0 0.9929884417047773
1344.0 4032.0 0.9968667389157609
1345.0 4035.0 1.000230152100893
1346.0 4038.0 1.004188889226876
1347.0 4041.0 1.0095675830252597
1348.0 4044.0 1.0156668151391546
1349.0 4047.0 1.0210988535159065
1350.0 4050.0 1.0270972046676903
1351.0 4053.0 1.0333795681689821
1352.0 4056.0 1.0366345539793553
1353.0 4059.0 1.0381314666505026
1354.0 4062.0 1.0404656719436507
1355.0 4065.0 1.0433629891983534
1356.0 4068.0 1.0434123282508467
1357.0 4071.0 1.0450845633424697
1358.0 4074.0 1.0449800596920118
1359.0 4077.0 1.0423804098369849
1360.0 4080.0 1.0396850501860193
1361.0 4083.0 1.0389951393917691
1362.0 4086.0 1.041530865852486
1363.0 4089.0 1.0409356040754296
1364.0 4092.0 1.0427201147070273
1365.0 4095.0 1.044095113546384
1366.0 4098.0 1.0456030691622662
1367.0 4101.0 1.0492749025251238
1368.0 4104.0 1.0512841592918947
1369.0 4107.0 1.0514787869611912
1370.0 4110.0 1.0505744831179342
1371.0 4113.0 1.0490453354886138
1372.0 4116.0 1.0468713058456616
1373.0 4119.0 1.0472780223725537
1374.0 4122.0 1.0480090193410345
1375.0 4125.0 1.0473137213226273
1376.0 4128.0 1.0469625790581896
1377.0 4131.0 1.0461585255733614
1378.0 4134.0 1.0435384170766087
1379.0 4137.0 1.0417587786534526
1380.0 4140.0 1.0435595697023095
1381.0 4143.0 1.0453214878965993
1382.0 4146.0 1.050161726007964
1383.0 4149.0 1.0549214897293557
1384.0 4152.0 1.0610905391186078
1385.0 4155.0 1.0671612684937148
1386.0 4158.0 1.073915992666028
1387.0 4161.0 1.077259154756912
1388.0 4164.0 1.080773540947344
1389.0 4167.0 1.085334527969677
1390.0 4170.0 1.0875713881060716
1391.0 4173.0 1.08874740967331
1392.0 4176.0 1.0884705108271884
1393.0 4179.0 1.0897437507399585
1394.0 4182.0 1.0911023074195958
1395.0 4185.0 1.0919890695494865
1396.0 4188.0 1.0915766463510894
1397.0 4191.0 1.0922606693067287
1398.0 4194.0 1.093756414860226
1399.0 4197.0 1.0956849397487463
1400.0 4200.0 1.099007503206201
1401.0 4203.0 1.1012821682127816
1402.0 4206.0 1.1035588599766117
1403.0 4209.0 1.107802557684623
1404.0 4212.0 1.1112702663927427
1405.0 4215.0 1.1166334656294448
1406.0 4218.0 1.1215311033454276
1407.0 4221.0 1.1282868263834724
1408.0 4224.0 1.1370246228084266
1409.0 4227.0 1.1443242899831316
1410.0 4230.0 1.1506665185425564
1411.0 4233.0 1.1566219824952866
1412.0 4236.0 1.1600078968825844
1413.0 4239.0 1.162424650543038
1414.0 4242.0 1.166840060558526
1415.0 4245.0 1.1688245575597516
1416.0 4248.0 1.174717647777677
1417.0 4251.0 1.18353036770703
1418.0 4254.0 1.191550165160219
1419.0 4257.0 1.1994289280290118
1420.0 4260.0 1.2060993955468102
1421.0 4263.0 1.209684583445625
1422.0 4266.0 1.211299817931843
1423.0 4269.0 1.2158360579181446
1424.0 4272.0 1.2220827556496918
1425.0 4275.0 1.2307408819372836
1426.0 4278.0 1.2403597786518
1427.0 4281.0 1.249429124679393
1428.0 4284.0 1.2596363766909704
1429.0 4287.0 1.2744046972529204
1430.0 4290.0 1.2869995407417085
1431.0 4293.0 1.2982541243921493
1432.0 4296.0 1.3100553218967632
1433.0 4299.0 1.3199823704568758
1434.0 4302.0 1.3297181965241633
1435.0 4305.0 1.3374379739334732
1436.0 4308.0 1.3454299107921601
1437.0 4311.0 1.350405883067453
1438.0 4314.0 1.3591208779219432
1439.0 4317.0 1.3692207072209226
1440.0 4320.0 1.3765132316218835
1441.0 4323.0 1.381279566041307
1442.0 4326.0 1.386425366133353
1443.0 4329.0 1.3882648201899663
1444.0 4332.0 1.3933956867578896
1445.0 4335.0 1.3960837944226019
1446.0 4338.0 1.3984381254218734
1447.0 4341.0 1.3997300858259696
1448.0 4344.0 1.4004785427675859
1449.0 4347.0 1.3982263728333533
1450.0 4350.0 1.3936016776519236
1451.0 4353.0 1.385942055095524
1452.0 4356.0 1.3788300957690047
1453.0 4359.0 1.3727618505225312
1454.0 4362.0 1.3656711033335371
1455.0 4365.0 1.3612185625822766
1456.0 4368.0 1.3549370042314899
1457.0 4371.0 1.3526293644073408
1458.0 4374.0 1.3510771403569428
1459.0 4377.0 1.3497585479337155
1460.0 4380.0 1.3468099239968412
1461.0 4383.0 1.3426475245663774
1462.0 4386.0 1.337743593440832
1463.0 4389.0 1.3304440501062984
1464.0 4392.0 1.325079478092869
1465.0 4395.0 1.3173642583365104
1466.0 4398.0 1.3102875667910636
1467.0 4401.0 1.298824831824349
1468.0 4404.0 1.2860664461449889
1469.0 4407.0 1.2749444840163813
1470.0 4410.0 1.265216795001852
1471.0 4413.0 1.255912402482964
1472.0 4416.0 1.2491016285340673
1473.0 4419.0 1.2430160700309558
1474.0 4422.0 1.2375897534321352
1475.0 4425.0 1.2325849673153602
1476.0 4428.0 1.2260270284575432
1477.0 4431.0 1.2201666701714928
1478.0 4434.0 1.2123854112606933
1479.0 4437.0 1.2053706137705682
1480.0 4440.0 1.1979906444978095
1481.0 4443.0 1.193089015458672
1482.0 4446.0 1.1880359527935211
1483.0 4449.0 1.1786425290757152
1484.0 4452.0 1.1669090160730893
1485.0 4455.0 1.1574247571495582
1486.0 4458.0 1.1495430659031196
1487.0 4461.0 1.1438689792255938
1488.0 4464.0 1.1379090601059039
1489.0 4467.0 1.1354763269528936
1490.0 4470.0 1.1312759963225354
1491.0 4473.0 1.1250684964933209
1492.0 4476.0 1.1215886059463864
1493.0 4479.0 1.1201088878932712
1494.0 4482.0 1.1160294001128055
1495.0 4485.0 1.1114981433764162
1496.0 4488.0 1.108922188420413
1497.0 4491.0 1.1078744755506047
1498.0 4494.0 1.1077594796705315
1499.0 4497.0 1.1061129478332226
1500.0 4500.0 1.104687148459501
1501.0 4503.0 1.103724739120395
1502.0 4506.0 1.1036446394200543
1503.0 4509.0 1.1025400161504249
1504.0 4512.0 1.1007335856261757
1505.0 4515.0 1.0999565864767629
1506.0 4518.0 1.0952315524012202
1507.0 4521.0 1.0936240599870213
1508.0 4524.0 1.094020699616406
1509.0 4527.0 1.0940442138269149
1510.0 4530.0 1.0905923607888248
1511.0 4533.0 1.0867753300490812
1512.0 4536.0 1.082833748937066
1513.0 4539.0 1.0786158236275818
1514.0 4542.0 1.0758282700423607
1515.0 4545.0 1.071938286153324
1516.0 4548.0 1.0685651065708521
1517.0 4551.0 1.064036268468098
1518.0 4554.0 1.0613499302072302
1519.0 4557.0 1.0618420055600206
1520.0 4560.0 1.0616038864155692
1521.0 4563.0 1.059039493880986
1522.0 4566.0 1.055271425954062
1523.0 4569.0 1.0520221849071056
1524.0 4572.0 1.0485173759125506
1525.0 4575.0 1.047286133466086
1526.0 4578.0 1.0451789380562653
1527.0 4581.0 1.043896488549773
1528.0 4584.0 1.04242329806215
1529.0 4587.0 1.0412303742684286
1530.0 4590.0 1.0401996230004682
1531.0 4593.0 1.0392132683484436
1532.0 4596.0 1.0369135993955496
1533.0 4599.0 1.0365409399675924
1534.0 4602.0 1.038440095532779
1535.0 4605.0 1.0389032645464373
1536.0 4608.0 1.0387294040821597
1537.0 4611.0 1.0400471276116279
1538.0 4614.0 1.0400932825354252
1539.0 4617.0 1.0407102111377449
1540.0 4620.0 1.0409661131871362
1541.0 4623.0 1.0385004584102622
1542.0 4626.0 1.0367982154673583
1543.0 4629.0 1.036269745683456
1544.0 4632.0 1.0371042419550627
1545.0 4635.0 1.039466240887795
1546.0 4638.0 1.0392282904776005
1547.0 4641.0 1.0402444504389445
1548.0 4644.0 1.043165353977686
1549.0 4647.0 1.0459153350649735
1550.0 4650.0 1.0501575924807178
1551.0 4653.0 1.054269273025952
1552.0 4656.0 1.0569521031737652
1553.0 4659.0 1.057957412104957
1554.0 4662.0 1.0606520041397978
1555.0 4665.0 1.0610518378546152
1556.0 4668.0 1.06092143505522
1557.0 4671.0 1.0597853931239063
1558.0 4674.0 1.0563010491032874
1559.0 4677.0 1.0535644513587399
1560.0 4680.0 1.0524924629503014
1561.0 4683.0 1.0524460439453251
1562.0 4686.0 1.0480306903574899
1563.0 4689.0 1.0450771055981884
1564.0 4692.0 1.0479897223013166
1565.0 4695.0 1.0509131088857282
1566.0 4698.0 1.0535952109956193
1567.0 4701.0 1.0568492494171806
1568.0 4704.0 1.057478933358067
1569.0 4707.0 1.0573618024045013
1570.0 4710.0 1.0575990744196686
1571.0 4713.0 1.0572782232131201
1572.0 4716.0 1.05408712656855
1573.0 4719.0 1.0518595385749363
1574.0 4722.0 1.0516635330814441
1575.0 4725.0 1.054141521272374
1576.0 4728.0 1.055098522852586
1577.0 4731.0 1.0537117968794503
1578.0 4734.0 1.0538673648058452
1579.0 4737.0 1.053636958400252
1580.0 4740.0 1.0537351946372953
1581.0 4743.0 1.054454318425225
1582.0 4746.0 1.0560317596435076
1583.0 4749.0 1.056481765173637
1584.0 4752.0 1.0589022820698868
1585.0 4755.0 1.059601200368012
1586.0 4758.0 1.059035644273154
1587.0 4761.0 1.0561147968157722
1588.0 4764.0 1.0526781756207264
1589.0 4767.0 1.0501183340076035
1590.0 4770.0 1.0481170384102911
1591.0 4773.0 1.0482925829546157
1592.0 4776.0 1.0476409406046518
1593.0 4779.0 1.04614384498533
1594.0 4782.0 1.0419491469905269
1595.0 4785.0 1.039173231630583
1596.0 4788.0 1.0368902409056324
1597.0 4791.0 1.0344405880743084
1598.0 4794.0 1.034134037636372
1599.0 4797.0 1.0331729600403488
1600.0 4800.0 1.034735898947404
1601.0 4803.0 1.036073962820817
1602.0 4806.0 1.0371659512697344
1603.0 4809.0 1.0377685153658158
1604.0 4812.0 1.0358800025490102
1605.0 4815.0 1.0311853103555202
1606.0 4818.0 1.0250992284688298
1607.0 4821.0 1.0199694285639291
1608.0 4824.0 1.0139808372542074
1609.0 4827.0 1.0080893395410244
1610.0 4830.0 1.0034342657645703
1611.0 4833.0 0.9991541125513378
1612.0 4836.0 0.9964993559020158
1613.0 4839.0 0.9946332784119934
1614.0 4842.0 0.9937345717150715
1615.0 4845.0 0.9926074301035464
1616.0 4848.0 0.9928099888776866
1617.0 4851.0 0.9940893527332849
1618.0 4854.0 0.9949084365138614
1619.0 4857.0 0.9954662128855877
1620.0 4860.0 0.9958644271041327
1621.0 4863.0 0.9989324447167738
1622.0 4866.0 0.9983858039956803
1623.0 4869.0 0.9991334076460424
1624.0 4872.0 0.9989874789657469
1625.0 4875.0 1.0001863212331912
1626.0 4878.0 1.0008987890257153
1627.0 4881.0 1.0015123368124652
1628.0 4884.0 1.0019056400933235
1629.0 4887.0 1.0026904862220822
1630.0 4890.0 1.0027403070457868
1631.0 4893.0 1.0008872567104927
1632.0 4896.0 0.9980629712546688
1633.0 4899.0 0.9958809590963147
1634.0 4902.0 0.9981980889046245
1635.0 4905.0 1.000112879207556
1636.0 4908.0 1.0001841109012444
1637.0 4911.0 0.9995665195372566
1638.0 4914.0 0.9983843217453486
1639.0 4917.0 0.997845946149153
1640.0 4920.0 0.9976702253747238
1641.0 4923.0 0.996293197923807
1642.0 4926.0 0.9934106932473246
1643.0 4929.0 0.9925928236691637
1644.0 4932.0 0.9926253160299914
1645.0 4935.0 0.995995364280604
1646.0 4938.0 0.9968511711175844
1647.0 4941.0 0.9988265359285129
1648.0 4944.0 1.002008371962644
1649.0 4947.0 1.0049769672813744
1650.0 4950.0 1.0067699242441581
1651.0 4953.0 1.009383836104499
1652.0 4956.0 1.0100477889828814
1653.0 4959.0 1.0087209434325628
1654.0 4962.0 1.005807297488304
1655.0 4965.0 1.0008378175159354
1656.0 4968.0 0.9975476970548389
1657.0 4971.0 0.9921920364581197
1658.0 4974.0 0.9873597115530515
1659.0 4977.0 0.9809886257534669
1660.0 4980.0 0.9776926653678045
1661.0 4983.0 0.9763342569578419
1662.0 4986.0 0.9754842256875401
1663.0 4989.0 0.9745446763682204
1664.0 4992.0 0.9752981805056671
1665.0 4995.0 0.9745853057241418
1666.0 4998.0 0.9742693477454053
1667.0 5001.0 0.9737059729717383
1668.0 5004.0 0.9748117653619862
1669.0 5007.0 0.9738870182865124
1670.0 5010.0 0.9714574876179127
1671.0 5013.0 0.9694123226758287
1672.0 5016.0 0.9666969972204247
1673.0 5019.0 0.964156073330603
1674.0 5022.0 0.9609633230790855
1675.0 5025.0 0.9576661376162965
1676.0 5028.0 0.9516483552842583
1677.0 5031.0 0.9465459606864577
1678.0 5034.0 0.9405596298932193
1679.0 5037.0 0.9342442884494718
1680.0 5040.0 0.9268625685074366
1681.0 5043.0 0.9207009827575701
1682.0 5046.0 0.9149292397668944
1683.0 5049.0 0.9088965922209365
1684.0 5052.0 0.9042364515377613
1685.0 5055.0 0.8999864126008934
1686.0 5058.0 0.8983155342129008
1687.0 5061.0 0.8986736055499034
1688.0 5064.0 0.8989557492875497
1689.0 5067.0 0.8996353453083488
1690.0 5070.0 0.9026663478608605
1691.0 5073.0 0.9078034219646339
1692.0 5076.0 0.9127402174781748
1693.0 5079.0 0.9179727890927172
1694.0 5082.0 0.9260973346654123
1695.0 5085.0 0.934417684722433
1696.0 5088.0 0.9446333852395662
1697.0 5091.0 0.9528503794656964
1698.0 5094.0 0.9609507019523505
1699.0 5097.0 0.96694332851134
1700.0 5100.0 0.974226067214324
1701.0 5103.0 0.9815220929146807
1702.0 5106.0 0.9908218000989538
1703.0 5109.0 1.001850693933742
1704.0 5112.0 1.0135201502631404
1705.0 5115.0 1.0234968896478551
1706.0 5118.0 1.0324777894884192
1707.0 5121.0 1.0424960686098457
1708.0 5124.0 1.0504517081569424
1709.0 5127.0 1.057963104025153
1710.0 5130.0 1.0620684066027462
1711.0 5133.0 1.0667387738242353
1712.0 5136.0 1.0711183538900877
1713.0 5139.0 1.075008714772002
1714.0 5142.0 1.0791068066707028
1715.0 5145.0 1.0856092115048686
1716.0 5148.0 1.0924066740953435
1717.0 5151.0 1.096769278842608
1718.0 5154.0 1.1012985586998159
1719.0 5157.0 1.1043012209129195
1720.0 5160.0 1.1051265195282103
1721.0 5163.0 1.106500043030559
1722.0 5166.0 1.1066100460973622
1723.0 5169.0 1.1048096193320545
1724.0 5172.0 1.1032341706334454
1725.0 5175.0 1.1000707408256554
1726.0 5178.0 1.0979138017082106
1727.0 5181.0 1.0964210551800269
1728.0 5184.0 1.0946921217815333
1729.0 5187.0 1.0905564026304846
1730.0 5190.0 1.086627691999004
1731.0 5193.0 1.0854610812258296
1732.0 5196.0 1.0829099025533069
1733.0 5199.0 1.081825398747852
1734.0 5202.0 1.081065942618568
1735.0 5205.0 1.0785116794487535
1736.0 5208.0 1.0773456332284093
1737.0 5211.0 1.0773867384634395
1738.0 5214.0 1.0760568124090202
1739.0 5217.0 1.074206598539234
1740.0 5220.0 1.0722562253657812
1741.0 5223.0 1.0734631596903108
1742.0 5226.0 1.0736046663074574
1743.0 5229.0 1.0736162192391638
1744.0 5232.0 1.0736622008923984
1745.0 5235.0 1.0722859176844148
1746.0 5238.0 1.0705670500846058
1747.0 5241.0 1.0711524267203258
1748.0 5244.0 1.0720827183308979
1749.0 5247.0 1.0746968504169743
1750.0 5250.0 1.0787765591930685
1751.0 5253.0 1.0846910592849741
1752.0 5256.0 1.0913916596384645
1753.0 5259.0 1.098369132954358
1754.0 5262.0 1.1064339364503273
1755.0 5265.0 1.113817713372528
1756.0 5268.0 1.1190707431596163
1757.0 5271.0 1.1233279927086668
1758.0 5274.0 1.1266397888475634
1759.0 5277.0 1.1285713073876134
1760.0 5280.0 1.1320330938728291
1761.0 5283.0 1.136222276844956
1762.0 5286.0 1.1418654184974677
1763.0 5289.0 1.147667789396332
1764.0 5292.0 1.1531477867589877
1765.0 5295.0 1.1616666239805569
1766.0 5298.0 1.1704903335353616
1767.0 5301.0 1.1799369078915445
1768.0 5304.0 1.1859417044351246
1769.0 5307.0 1.1896520065528178
1770.0 5310.0 1.1937946155050467
1771.0 5313.0 1.1938509427757746
1772.0 5316.0 1.1922010568793622
1773.0 5319.0 1.1914550008178804
1774.0 5322.0 1.191075674141155
1775.0 5325.0 1.1885751114726957
1776.0 5328.0 1.1871686014097018
1777.0 5331.0 1.1877873551270342
1778.0 5334.0 1.18742351010846
1779.0 5337.0 1.188439828447258
1780.0 5340.0 1.193135700359314
1781.0 5343.0 1.197719038845571
1782.0 5346.0 1.2004249635592255
1783.0 5349.0 1.203012089317527
1784.0 5352.0 1.2016720434945478
1785.0 5355.0 1.1989754687632108
1786.0 5358.0 1.1968003190803842
1787.0 5361.0 1.1928274839928983
1788.0 5364.0 1.1899442476675592
1789.0 5367.0 1.1876217631828256
1790.0 5370.0 1.1880813067678537
1791.0 5373.0 1.1906785621536082
1792.0 5376.0 1.1906467339888398
1793.0 5379.0 1.1882448351559445
1794.0 5382.0 1.18507005611289
1795.0 5385.0 1.1810477523285734
1796.0 5388.0 1.1773517606327804
1797.0 5391.0 1.172839627793076
1798.0 5394.0 1.165369978495057
1799.0 5397.0 1.1595784445940198
1800.0 5400.0 1.1529387972667637
1801.0 5403.0 1.1474053643186006
1802.0 5406.0 1.1422152039382139
1803.0 5409.0 1.1390021842192384
1804.0 5412.0 1.1337438447143453
1805.0 5415.0 1.129974330605873
1806.0 5418.0 1.1258026747599579
1807.0 5421.0 1.121771552185545
1808.0 5424.0 1.1205522369269088
1809.0 5427.0 1.118515448707159
1810.0 5430.0 1.1157566128819834
1811.0 5433.0 1.1127231738077037
1812.0 5436.0 1.1084197107109328
1813.0 5439.0 1.1055299913544483
1814.0 5442.0 1.1010600435776705
1815.0 5445.0 1.0975967894847887
1816.0 5448.0 1.09260357366428
1817.0 5451.0 1.0863163308345358
1818.0 5454.0 1.079832214582504
1819.0 5457.0 1.072056959416323
1820.0 5460.0 1.0703467825571644
1821.0 5463.0 1.0681751571886562
1822.0 5466.0 1.0636116795427282
1823.0 5469.0 1.0597632602457079
1824.0 5472.0 1.0561737752444254
1825.0 5475.0 1.055191205297349
1826.0 5478.0 1.0531229389667176
1827.0 5481.0 1.0515529152676404
1828.0 5484.0 1.049224829921674
1829.0 5487.0 1.0479264683055713
1830.0 5490.0 1.0490216484804862
1831.0 5493.0 1.048271499754557
1832.0 5496.0 1.048312643250068
1833.0 5499.0 1.0472404113595548
1834.0 5502.0 1.04446342922374
1835.0 5505.0 1.043660415550417
1836.0 5508.0 1.0435724548655807
1837.0 5511.0 1.045191686676773
1838.0 5514.0 1.0475186641674805
1839.0 5517.0 1.0482033424526058
1840.0 5520.0 1.0448341489051256
1841.0 5523.0 1.0435512213498173
1842.0 5526.0 1.0400034165601075
1843.0 5529.0 1.0399624646495356
1844.0 5532.0 1.0400313867249809
1845.0 5535.0 1.040695003844956
1846.0 5538.0 1.0405126033158723
1847.0 5541.0 1.0388817812796811
1848.0 5544.0 1.0348758425778166
1849.0 5547.0 1.0311195650910934
1850.0 5550.0 1.0267035687585537
1851.0 5553.0 1.020492651537231
1852.0 5556.0 1.0156619211415017
1853.0 5559.0 1.0131724512886258
1854.0 5562.0 1.0095558628816255
1855.0 5565.0 1.0073917126046046
1856.0 5568.0 1.0061213838439722
1857.0 5571.0 1.0040404959870488
1858.0 5574.0 1.0022762694145344
1859.0 5577.0 0.9968433134753782
1860.0 5580.0 0.9946030308727356
1861.0 5583.0 0.9930357702173629
1862.0 5586.0 0.9924627110850404
1863.0 5589.0 0.9906146146506276
1864.0 5592.0 0.9880477052659374
1865.0 5595.0 0.9856477000070661
1866.0 5598.0 0.983300686363574
1867.0 5601.0 0.9799222024754517
1868.0 5604.0 0.9758759703458935
1869.0 5607.0 0.972719534255361
1870.0 5610.0 0.9700680408073122
1871.0 5613.0 0.9679459882518844
1872.0 5616.0 0.9663302317559643
1873.0 5619.0 0.967879971864128
1874.0 5622.0 0.9680915448801537
1875.0 5625.0 0.9671310423092865
1876.0 5628.0 0.9668778320998639
1877.0 5631.0 0.9662669005225011
1878.0 5634.0 0.9667603565828969
1879.0 5637.0 0.965764060598203
1880.0 5640.0 0.9611813967964074
1881.0 5643.0 0.956868937365738
1882.0 5646.0 0.952904389202078
1883.0 5649.0 0.9501930577652017
1884.0 5652.0 0.9456553486204698
1885.0 5655.0 0.943595970123282
1886.0 5658.0 0.9395430639664093
1887.0 5661.0 0.9362937067871219
1888.0 5664.0 0.9329258585814788
1889.0 5667.0 0.9293623665228022
1890.0 5670.0 0.9254711196007418
1891.0 5673.0 0.9197140501439639
1892.0 5676.0 0.9167191047821328
1893.0 5679.0 0.9135767648276399
1894.0 5682.0 0.9108430820516191
1895.0 5685.0 0.9087142267798086
1896.0 5688.0 0.9080215040138371
1897.0 5691.0 0.9071849198983188
1898.0 5694.0 0.9068083123338555
1899.0 5697.0 0.9065036814066351
1900.0 5700.0 0.9074406199731243
1901.0 5703.0 0.9088020641088915
1902.0 5706.0 0.910298554318374
1903.0 5709.0 0.9113970305365268
1904.0 5712.0 0.9129912929741919
1905.0 5715.0 0.9132762472709293
1906.0 5718.0 0.9116949539194434
1907.0 5721.0 0.9118319949915676
1908.0 5724.0 0.9110238916937548
1909.0 5727.0 0.9085717807873533
1910.0 5730.0 0.9067120793959363
1911.0 5733.0 0.9054709451773183
1912.0 5736.0 0.9021191722491599
1913.0 5739.0 0.8976947948683714
1914.0 5742.0 0.8949024734593909
1915.0 5745.0 0.891737585446924
1916.0 5748.0 0.8899075024709192
1917.0 5751.0 0.889139461616662
1918.0 5754.0 0.8885331688036214
1919.0 5757.0 0.8891550957676402
1920.0 5760.0 0.8901288599778382
1921.0 5763.0 0.8890568849647053
1922.0 5766.0 0.889229289044697
1923.0 5769.0 0.8918463030942275
1924.0 5772.0 0.8937893385375191
1925.0 5775.0 0.8951925222852016
1926.0 5778.0 0.896380577406119
1927.0 5781.0 0.8992902410224874
1928.0 5784.0 0.9012005093456541
1929.0 5787.0 0.9013558502226935
1930.0 5790.0 0.9005403788866174
1931.0 5793.0 0.899955104371818
1932.0 5796.0 0.898096881701404
1933.0 5799.0 0.896430785732318
1934.0 5802.0 0.8942473375523697
1935.0 5805.0 0.8921332679997654
1936.0 5808.0 0.8910452744246408
1937.0 5811.0 0.8908416868243069
1938.0 5814.0 0.8884425879211082
1939.0 5817.0 0.8884299107923351
1940.0 5820.0 0.8878826255785565
1941.0 5823.0 0.8881993162264656
1942.0 5826.0 0.8885078833121189
1943.0 5829.0 0.8888477404947007
1944.0 5832.0 0.8889796395560766
1945.0 5835.0 0.8871700595707495
1946.0 5838.0 0.8850012574122555
1947.0 5841.0 0.8832785139346628
1948.0 5844.0 0.8815404460015097
1949.0 5847.0 0.8798260609623932
1950.0 5850.0 0.8778690974582709
1951.0 5853.0 0.8746580987366389
1952.0 5856.0 0.8716513258169654
1953.0 5859.0 0.8683389060531683
1954.0 5862.0 0.8655213884238876
1955.0 5865.0 0.8614617880251735
1956.0 5868.0 0.8574407017379316
1957.0 5871.0 0.8540928154444897
1958.0 5874.0 0.848635095676526
1959.0 5877.0 0.8444071064116719
1960.0 5880.0 0.8419750480655718
1961.0 5883.0 0.8383340990704958
1962.0 5886.0 0.8361737840823867
1963.0 5889.0 0.8340981024865182
1964.0 5892.0 0.8330037400231093
1965.0 5895.0 0.8337121772576487
1966.0 5898.0 0.8347223908830633
1967.0 5901.0 0.8351651507905596
1968.0 5904.0 0.8349433671123587
1969.0 5907.0 0.8350719879759809
1970.0 5910.0 0.8356954641689457
1971.0 5913.0 0.8375015657871656
1972.0 5916.0 0.840216310663712
1973.0 5919.0 0.8428508877032428
1974.0 5922.0 0.8470301477297524
1975.0 5925.0 0.8498755995088368
1976.0 5928.0 0.8520198850814374
1977.0 5931.0 0.8547013074723238
1978.0 5934.0 0.8583590175114946
1979.0 5937.0 0.8615038960334555
1980.0 5940.0 0.8628554031270618
1981.0 5943.0 0.8665697123655888
1982.0 5946.0 0.8703081812559412
1983.0 5949.0 0.8738440186088756
1984.0 5952.0 0.8792662065431203
1985.0 5955.0 0.8828424703121396
1986.0 5958.0 0.8858012494949371
1987.0 5961.0 0.888665543952743
1988.0 5964.0 0.8928439613365045
1989.0 5967.0 0.8975553631901156
1990.0 5970.0 0.9026036665065424
1991.0 5973.0 0.9056042889738112
1992.0 5976.0 0.9070088811298621
1993.0 5979.0 0.9102257177002756
1994.0 5982.0 0.914621249784484
1995.0 5985.0 0.9197413042735196
1996.0 5988.0 0.922864248412841
1997.0 5991.0 0.9260444482481655
1998.0 5994.0 0.9273208834236819
1999.0 5997.0 0.9292342419891937
2000.0 6000.0 0.9308070276883752
2001.0 6003.0 0.9332423978211163
2002.0 6006.0 0.9333896867955103
2003.0 6009.0 0.9333478325194163
2004.0 6012.0 0.9337863957201294
2005.0 6015.0 0.9360170620051346
2006.0 6018.0 0.9384711179356527
2007.0 6021.0 0.9406670518394232
2008.0 6024.0 0.9423126551220193
2009.0 6027.0 0.9460521431616912
2010.0 6030.0 0.9490675618296603
2011.0 6033.0 0.9508237222536351
2012.0 6036.0 0.9515578435867768
2013.0 6039.0 0.9557112386701356
2014.0 6042.0 0.9602212033770405
2015.0 6045.0 0.9650632585696006
2016.0 6048.0 0.9709036398913533
2017.0 6051.0 0.9779053859742717
2018.0 6054.0 0.9827225444311386
2019.0 6057.0 0.985413436389224
2020.0 6060.0 0.9890201276666039
2021.0 6063.0 0.9902622327342387
2022.0 6066.0 0.9916490392431867
2023.0 6069.0 0.9930210399791404
2024.0 6072.0 0.995439047357954
2025.0 6075.0 0.996324689640357
2026.0 6078.0 0.9950929840681837
2027.0 6081.0 0.9894340922536458
2028.0 6084.0 0.9849712223860494
2029.0 6087.0 0.9821560063045938
2030.0 6090.0 0.977948487062296
2031.0 6093.0 0.9759622777610557
2032.0 6096.0 0.9763878057651446
2033.0 6099.0 0.9755939757196814
2034.0 6102.0 0.9742097787735479
2035.0 6105.0 0.9742820066952014
2036.0 6108.0 0.9741835609598909
2037.0 6111.0 0.9721100131842502
2038.0 6114.0 0.9704404914915461
2039.0 6117.0 0.9717581115685527
2040.0 6120.0 0.9747056717949522
2041.0 6123.0 0.9757375660798158
2042.0 6126.0 0.9759902269058461
2043.0 6129.0 0.9746845808892302
2044.0 6132.0 0.9714069061027854
2045.0 6135.0 0.9678503935550675
2046.0 6138.0 0.964183548453267
2047.0 6141.0 0.960447266476489
2048.0 6144.0 0.955523898814875
2049.0 6147.0 0.9509299216622046
2050.0 6150.0 0.9484129900088458
2051.0 6153.0 0.9459970311770708
2052.0 6156.0 0.940950517463941
2053.0 6159.0 0.9334243491351492
2054.0 6162.0 0.9250620241788604
2055.0 6165.0 0.9176066009745905
2056.0 6168.0 0.908387707667646
2057.0 6171.0 0.90039245756088
2058.0 6174.0 0.8913007924300678
2059.0 6177.0 0.8851266429281661
2060.0 6180.0 0.8790590340604986
2061.0 6183.0 0.8712933590258981
2062.0 6186.0 0.8648964502485342
2063.0 6189.0 0.8592121287702906
2064.0 6192.0 0.8552671013795714
2065.0 6195.0 0.8536060498509088
2066.0 6198.0 0.8533778736791199
2067.0 6201.0 0.8551503288525949
2068.0 6204.0 0.8562062741596922
2069.0 6207.0 0.8570316749600607
2070.0 6210.0 0.8586211140598325
2071.0 6213.0 0.8601474391028502
2072.0 6216.0 0.8626502426468926
2073.0 6219.0 0.8673802163349533
2074.0 6222.0 0.8698938040730886
2075.0 6225.0 0.8731929888374091
2076.0 6228.0 0.8755565723468783
2077.0 6231.0 0.8787860933862035
2078.0 6234.0 0.8817084288781257
2079.0 6237.0 0.8866742099409605
2080.0 6240.0 0.8917325042640585
2081.0 6243.0 0.895032925269356
2082.0 6246.0 0.8957126577088351
2083.0 6249.0 0.8972029097131743
2084.0 6252.0 0.9012729230757159
2085.0 6255.0 0.9062484243044375
2086.0 6258.0 0.911339453337601
2087.0 6261.0 0.9168201915930134
2088.0 6264.0 0.9204230644768221
2089.0 6267.0 0.9240286998303703
2090.0 6270.0 0.9284993231431077
2091.0 6273.0 0.9312938172195053
2092.0 6276.0 0.9338956371225589
2093.0 6279.0 0.9352424596851711
2094.0 6282.0 0.9363292472872978
2095.0 6285.0 0.9374172689882255
2096.0 6288.0 0.939735170567061
2097.0 6291.0 0.9448651193997791
2098.0 6294.0 0.9496747015581927
2099.0 6297.0 0.9554671575531047
2100.0 6300.0 0.9605046901975925
2101.0 6303.0 0.9673266344974176
2102.0 6306.0 0.974405672875515
2103.0 6309.0 0.9811769552473273
2104.0 6312.0 0.9866202429171318
2105.0 6315.0 0.992148119711188
2106.0 6318.0 0.997133513032991
2107.0 6321.0 1.0009344802507034
2108.0 6324.0 1.0049409405554999
2109.0 6327.0 1.0078068045454072
2110.0 6330.0 1.0069702748173008
2111.0 6333.0 1.007761838397854
2112.0 6336.0 1.0099239853934332
2113.0 6339.0 1.0118764136226177
2114.0 6342.0 1.0130738447861671
2115.0 6345.0 1.0150801299098104
2116.0 6348.0 1.018684073275107
2117.0 6351.0 1.022954465367201
2118.0 6354.0 1.0274457245494697
2119.0 6357.0 1.0312069402834174
2120.0 6360.0 1.0350577651167852
2121.0 6363.0 1.0381383777452393
2122.0 6366.0 1.0398166818403938
2123.0 6369.0 1.0418432419556187
2124.0 6372.0 1.042192544489029
2125.0 6375.0 1.0421842354154156
2126.0 6378.0 1.041455653022944
2127.0 6381.0 1.0392630798493963
2128.0 6384.0 1.0384313350052155
2129.0 6387.0 1.039616541401713
2130.0 6390.0 1.0403371698998172
2131.0 6393.0 1.0411929353085863
2132.0 6396.0 1.0412114734328601
2133.0 6399.0 1.0410379713897524
2134.0 6402.0 1.041945371362809
2135.0 6405.0 1.0432359856429332
2136.0 6408.0 1.0453508364298716
2137.0 6411.0 1.044909691814761
2138.0 6414.0 1.0439019416971127
2139.0 6417.0 1.0420901289205038
2140.0 6420.0 1.0408557311880522
2141.0 6423.0 1.0403845853607356
2142.0 6426.0 1.039863418423022
2143.0 6429.0 1.0382498984748378
2144.0 6432.0 1.0374251841705364
2145.0 6435.0 1.0378826226165492
2146.0 6438.0 1.037701487055813
2147.0 6441.0 1.0350610537895681
2148.0 6444.0 1.0338127906209267
2149.0 6447.0 1.033505848897385
2150.0 6450.0 1.0315845055959338
2151.0 6453.0 1.0293755865502632
2152.0 6456.0 1.0274675099726829
2153.0 6459.0 1.0270980931139722
2154.0 6462.0 1.0262170778486843
2155.0 6465.0 1.0270176099683546
2156.0 6468.0 1.0286112403748442
2157.0 6471.0 1.0292148941106503
2158.0 6474.0 1.0293279286151338
2159.0 6477.0 1.027047705950178
2160.0 6480.0 1.0265458982320281
2161.0 6483.0 1.027917283131425
2162.0 6486.0 1.0303103948929422
2163.0 6489.0 1.033841934725398
2164.0 6492.0 1.0340302029381423
2165.0 6495.0 1.0342782880058234
2166.0 6498.0 1.0352947074349523
2167.0 6501.0 1.0349931482771901
2168.0 6504.0 1.035047641361767
2169.0 6507.0 1.0334058273152553
2170.0 6510.0 1.0319598317812704
2171.0 6513.0 1.0316034095307924
2172.0 6516.0 1.0308194201386518
2173.0 6519.0 1.0297677529643903
2174.0 6522.0 1.028236331044717
2175.0 6525.0 1.026440440426927
2176.0 6528.0 1.024949197904902
2177.0 6531.0 1.0221516967651074
2178.0 6534.0 1.021628544924008
2179.0 6537.0 1.0189743536332492
2180.0 6540.0 1.0126656032016297
2181.0 6543.0 1.0054014717614719
2182.0 6546.0 0.9983877004097766
2183.0 6549.0 0.9880260119512615
2184.0 6552.0 0.9741645464694626
2185.0 6555.0 0.9611488265572673
2186.0 6558.0 0.9498479833603135
2187.0 6561.0 0.9376528111717396
2188.0 6564.0 0.927353302403936
2189.0 6567.0 0.9195467646809551
2190.0 6570.0 0.9134895137620225
2191.0 6573.0 0.9077241298951859
2192.0 6576.0 0.902830779950872
2193.0 6579.0 0.8996762170429331
2194.0 6582.0 0.898498825704646
2195.0 6585.0 0.8992758219789699
2196.0 6588.0 0.902753487599723
2197.0 6591.0 0.9052409164026368
2198.0 6594.0 0.905971918970922
2199.0 6597.0 0.9054884879553622
2200.0 6600.0 0.90306439550334
2201.0 6603.0 0.9001886956668147
2202.0 6606.0 0.8994052999546702
2203.0 6609.0 0.8971008341432185
2204.0 6612.0 0.894632276500744
2205.0 6615.0 0.8930624230457707
2206.0 6618.0 0.8936132337855592
2207.0 6621.0 0.8957954090025947
2208.0 6624.0 0.8991124441140177
2209.0 6627.0 0.9014414252695158
2210.0 6630.0 0.9049321698258385
2211.0 6633.0 0.9080688545302473
2212.0 6636.0 0.9107867595335634
2213.0 6639.0 0.9113529701675201
2214.0 6642.0 0.9110443881496852
2215.0 6645.0 0.9100506428189779
2216.0 6648.0 0.9110249908049437
2217.0 6651.0 0.9104610848805713
2218.0 6654.0 0.9092808254302467
2219.0 6657.0 0.9077479109234511
2220.0 6660.0 0.90611275927552
2221.0 6663.0 0.9046106711634233
2222.0 6666.0 0.903904172411295
2223.0 6669.0 0.9033116405400213
2224.0 6672.0 0.9030480338725482
2225.0 6675.0 0.9038878731483154
2226.0 6678.0 0.9057637877916482
2227.0 6681.0 0.9113510772556128
2228.0 6684.0 0.916437737427727
2229.0 6687.0 0.919746491042325
2230.0 6690.0 0.9224312969787466
2231.0 6693.0 0.9245427809709779
2232.0 6696.0 0.9278481251171692
2233.0 6699.0 0.9330810638844148
2234.0 6702.0 0.9388564388541598
2235.0 6705.0 0.9458396634733127
2236.0 6708.0 0.9511154961834837
2237.0 6711.0 0.955804773168832
2238.0 6714.0 0.9623802761926036
2239.0 6717.0 0.9679536403684634
2240.0 6720.0 0.9725014991492441
2241.0 6723.0 0.9788878918738759
2242.0 6726.0 0.9843052588653414
2243.0 6729.0 0.9871042041360997
2244.0 6732.0 0.9874966476602721
2245.0 6735.0 0.9875535653263549
2246.0 6738.0 0.9837005179017534
2247.0 6741.0 0.9807971023683574
2248.0 6744.0 0.9761687756967766
2249.0 6747.0 0.9712900569118221
2250.0 6750.0 0.9672304887906865
2251.0 6753.0 0.9629721004285403
2252.0 6756.0 0.9610202173753546
2253.0 6759.0 0.9611764110241463
2254.0 6762.0 0.9607402723969057
2255.0 6765.0 0.9600057160871625
2256.0 6768.0 0.9605360041776726
2257.0 6771.0 0.9598545883132265
2258.0 6774.0 0.9616424390324813
2259.0 6777.0 0.9621563017384694
2260.0 6780.0 0.9616273784744408
2261.0 6783.0 0.9590430309187161
2262.0 6786.0 0.957811494927658
2263.0 6789.0 0.9573320671856944
2264.0 6792.0 0.9566364533636942
2265.0 6795.0 0.9579740828289214
2266.0 6798.0 0.9627971254404943
2267.0 6801.0 0.9669217261959056
2268.0 6804.0 0.9692465951823772
2269.0 6807.0 0.9721477088574246
2270.0 6810.0 0.9762786063599008
2271.0 6813.0 0.9772222137767171
2272.0 6816.0 0.9782280520654723
2273.0 6819.0 0.9795261695164802
2274.0 6822.0 0.9798728767546798
2275.0 6825.0 0.9811459809508206
2276.0 6828.0 0.9850338941726294
2277.0 6831.0 0.9922097155268585
2278.0 6834.0 1.000013533143437
2279.0 6837.0 1.0064565991901435
2280.0 6840.0 1.0128238750375813
2281.0 6843.0 1.0173271680425362
2282.0 6846.0 1.0230960034716858
2283.0 6849.0 1.0285036306929387
2284.0 6852.0 1.0344266758488312
2285.0 6855.0 1.0400392163115382
2286.0 6858.0 1.0447110910033333
2287.0 6861.0 1.0486554936247674
2288.0 6864.0 1.0483787590441112
2289.0 6867.0 1.0467683092082232
2290.0 6870.0 1.0449435263592632
2291.0 6873.0 1.0436535500572162
2292.0 6876.0 1.0428370597498478
2293.0 6879.0 1.0403697664737162
2294.0 6882.0 1.0359224438721286
2295.0 6885.0 1.0338413292652446
2296.0 6888.0 1.0317095176705713
2297.0 6891.0 1.0304063236806336
2298.0 6894.0 1.03091380464617
2299.0 6897.0 1.0312539346485188
2300.0 6900.0 1.0308927737355396
2301.0 6903.0 1.029189824070059
2302.0 6906.0 1.0262685586873777
2303.0 6909.0 1.0241323038320977
2304.0 6912.0 1.0230756067105864
2305.0 6915.0 1.023398334409714
2306.0 6918.0 1.022919192902455
2307.0 6921.0 1.023811153252251
2308.0 6924.0 1.0245438530835511
2309.0 6927.0 1.0264876999693755
2310.0 6930.0 1.0277954182216307
2311.0 6933.0 1.0302638564735707
2312.0 6936.0 1.0353593110052317
2313.0 6939.0 1.0392112724391234
2314.0 6942.0 1.0411174687330764
2315.0 6945.0 1.0475372524906705
2316.0 6948.0 1.0544778863490512
2317.0 6951.0 1.0628749187148714
2318.0 6954.0 1.0731919694010128
2319.0 6957.0 1.0809374648571393
2320.0 6960.0 1.0882324402309624
2321.0 6963.0 1.0967820256241123
2322.0 6966.0 1.101649221222979
2323.0 6969.0 1.105209537888561
2324.0 6972.0 1.1045008263674536
2325.0 6975.0 1.1040854526476251
2326.0 6978.0 1.1073203968815588
2327.0 6981.0 1.1096412203855404
2328.0 6984.0 1.111134219639386
2329.0 6987.0 1.1111180303930728
2330.0 6990.0 1.108969911467332
2331.0 6993.0 1.1089849798061755
2332.0 6996.0 1.109343950861227
2333.0 6999.0 1.1115346678033817
2334.0 7002.0 1.1132158741318086
2335.0 7005.0 1.1147555245506906
2336.0 7008.0 1.1175129844440448
2337.0 7011.0 1.1188842759877309
2338.0 7014.0 1.1183561209937856
2339.0 7017.0 1.1171566593170692
2340.0 7020.0 1.1152923721413646
2341.0 7023.0 1.115117978902027
2342.0 7026.0 1.113629333315347
2343.0 7029.0 1.1129344005268733
2344.0 7032.0 1.108649777061385
2345.0 7035.0 1.1048629543621822
2346.0 7038.0 1.1069950870880734
2347.0 7041.0 1.1088530011997133
2348.0 7044.0 1.1102345879232745
2349.0 7047.0 1.1116805673281434
2350.0 7050.0 1.115748475998819
2351.0 7053.0 1.1184551434054268
2352.0 7056.0 1.1211455163591444
2353.0 7059.0 1.1221644188718074
2354.0 7062.0 1.123108834065461
2355.0 7065.0 1.1237722715153629
2356.0 7068.0 1.125308879592879
2357.0 7071.0 1.1216421164670072
2358.0 7074.0 1.1193306038498536
2359.0 7077.0 1.1144665001076586
2360.0 7080.0 1.113188999871507
2361.0 7083.0 1.113066731373914
2362.0 7086.0 1.111834795619065
2363.0 7089.0 1.1110538957046603
2364.0 7092.0 1.109848056525587
2365.0 7095.0 1.1112292245988906
2366.0 7098.0 1.1136192908470046
2367.0 7101.0 1.1145428675902007
2368.0 7104.0 1.1145956197356044
2369.0 7107.0 1.1159071280436723
2370.0 7110.0 1.1177651896607483
2371.0 7113.0 1.1154405782443813
2372.0 7116.0 1.1121987689485455
2373.0 7119.0 1.1093958689554784
2374.0 7122.0 1.1073495439702281
2375.0 7125.0 1.104995567062329
2376.0 7128.0 1.1034077660514836
2377.0 7131.0 1.1027962406055192
2378.0 7134.0 1.102654255829665
2379.0 7137.0 1.1021531579515471
2380.0 7140.0 1.1030408576269874
2381.0 7143.0 1.1049655596895724
2382.0 7146.0 1.103927124893527
2383.0 7149.0 1.1007442629109745
2384.0 7152.0 1.0974612528665606
2385.0 7155.0 1.0939779092558455
2386.0 7158.0 1.0857693058559006
2387.0 7161.0 1.075787045709192
2388.0 7164.0 1.0625982821811726
2389.0 7167.0 1.0525583115254449
2390.0 7170.0 1.04382415750855
2391.0 7173.0 1.0362761041579427
2392.0 7176.0 1.0294888325620024
2393.0 7179.0 1.023411340047636
2394.0 7182.0 1.01969750101604
2395.0 7185.0 1.0158415108641692
2396.0 7188.0 1.0117586750527252
2397.0 7191.0 1.0061523273273614
2398.0 7194.0 0.9983061563602748
2399.0 7197.0 0.9897681264057708
2400.0 7200.0 0.9828836016041009
2401.0 7203.0 0.9792361816378834
2402.0 7206.0 0.9747249419748767
2403.0 7209.0 0.9706440102546439
2404.0 7212.0 0.9653379713692417
2405.0 7215.0 0.9615184620904215
2406.0 7218.0 0.9590407671102461
2407.0 7221.0 0.9579150013050761
2408.0 7224.0 0.9552620220371733
2409.0 7227.0 0.9534857575665916
2410.0 7230.0 0.9527233463784587
2411.0 7233.0 0.9532970587595009
2412.0 7236.0 0.9540770004317636
2413.0 7239.0 0.9544150100151475
2414.0 7242.0 0.9547088041185252
2415.0 7245.0 0.954864732624144
2416.0 7248.0 0.9535150089072743
2417.0 7251.0 0.948860181786135
2418.0 7254.0 0.94535740059672
2419.0 7257.0 0.940298352977497
2420.0 7260.0 0.9374945877267145
2421.0 7263.0 0.936498654524715
2422.0 7266.0 0.9351431657217402
2423.0 7269.0 0.9320014358388701
2424.0 7272.0 0.927713888458418
2425.0 7275.0 0.9247064785235131
2426.0 7278.0 0.9224975728668487
2427.0 7281.0 0.9195988698394906
2428.0 7284.0 0.9168259466619519
2429.0 7287.0 0.9162151818254829
2430.0 7290.0 0.9152140914387865
2431.0 7293.0 0.9153776685305719
2432.0 7296.0 0.9151906501497323
2433.0 7299.0 0.9164370023043307
2434.0 7302.0 0.9169044341550634
2435.0 7305.0 0.9193460164872789
2436.0 7308.0 0.9226378050973599
2437.0 7311.0 0.921483271619651
2438.0 7314.0 0.9218634352411815
2439.0 7317.0 0.922033392907527
2440.0 7320.0 0.9235013893884633
2441.0 7323.0 0.9234267673959718
2442.0 7326.0 0.9257335995782278
2443.0 7329.0 0.9283634258502369
2444.0 7332.0 0.9292761052221495
2445.0 7335.0 0.9307524496537154
2446.0 7338.0 0.9309374095399188
2447.0 7341.0 0.9339182096551668
2448.0 7344.0 0.9360071494936121
2449.0 7347.0 0.9367466192399146
2450.0 7350.0 0.9382275675765802
2451.0 7353.0 0.9407204496151822
2452.0 7356.0 0.9453040342138433
2453.0 7359.0 0.9503212091033375
2454.0 7362.0 0.9551758211712684
2455.0 7365.0 0.9595653918772881
2456.0 7368.0 0.9628274656062434
2457.0 7371.0 0.9666064146815665
2458.0 7374.0 0.9689872375961307
2459.0 7377.0 0.9700276870585138
2460.0 7380.0 0.9707289014032457
2461.0 7383.0 0.9722542233882706
2462.0 7386.0 0.9759824981916122
2463.0 7389.0 0.9815357761780172
2464.0 7392.0 0.9848830988145744
2465.0 7395.0 0.9881891637387683
2466.0 7398.0 0.9926239222958492
2467.0 7401.0 0.9976596208982532
2468.0 7404.0 1.0059173562120745
2469.0 7407.0 1.0146875430439282
2470.0 7410.0 1.0233701254348222
2471.0 7413.0 1.0306060047711538
2472.0 7416.0 1.0385933185480578
2473.0 7419.0 1.0497463013813189
2474.0 7422.0 1.0573221259210102
2475.0 7425.0 1.0654630395446734
2476.0 7428.0 1.070107408201208
2477.0 7431.0 1.0729308467508403
2478.0 7434.0 1.0758828046980409
2479.0 7437.0 1.0804058999614043
2480.0 7440.0 1.0874272892576107
2481.0 7443.0 1.090678685866679
2482.0 7446.0 1.0936146608364241
2483.0 7449.0 1.0958971168411087
2484.0 7452.0 1.100089100829579
2485.0 7455.0 1.1065022203724053
2486.0 7458.0 1.1118177543971768
2487.0 7461.0 1.1136353403022223
2488.0 7464.0 1.1135531155635412
2489.0 7467.0 1.1142112281430199
2490.0 7470.0 1.1136300447369982
2491.0 7473.0 1.1108234642914938
2492.0 7476.0 1.1068940415510442
2493.0 7479.0 1.1041263414544704
2494.0 7482.0 1.1009864190761038
2495.0 7485.0 1.0979110095800193
2496.0 7488.0 1.0923425540125964
2497.0 7491.0 1.0895358087415041
2498.0 7494.0 1.088720566502741
2499.0 7497.0 1.0859562031790735
2500.0 7500.0 1.0820471721812956
2501.0 7503.0 1.0790952345476137
2502.0 7506.0 1.0737035949536566
2503.0 7509.0 1.070152172840014
2504.0 7512.0 1.064514659367638
2505.0 7515.0 1.0612665402893762
2506.0 7518.0 1.0596905553122946
2507.0 7521.0 1.0583221404079333
2508.0 7524.0 1.0571536485356003
2509.0 7527.0 1.0573522816553278
2510.0 7530.0 1.0573680933395038
2511.0 7533.0 1.055588909678154
2512.0 7536.0 1.0541615809777019
2513.0 7539.0 1.0549143494140711
2514.0 7542.0 1.0578286048117835
2515.0 7545.0 1.0593864584034898
2516.0 7548.0 1.0613680562731609
2517.0 7551.0 1.0647162847890914
2518.0 7554.0 1.0695007307550701
2519.0 7557.0 1.0757009470868304
2520.0 7560.0 1.0826925381660957
2521.0 7563.0 1.0875584432311216
2522.0 7566.0 1.0930018350092736
2523.0 7569.0 1.0985386310445024
2524.0 7572.0 1.1079808612344004
2525.0 7575.0 1.118281807227516
2526.0 7578.0 1.1283756048182565
2527.0 7581.0 1.1379381594499205
2528.0 7584.0 1.1461542171147632
2529.0 7587.0 1.1520214877374233
2530.0 7590.0 1.156604418764187
2531.0 7593.0 1.1627749497116722
2532.0 7596.0 1.1684049238896264
2533.0 7599.0 1.1777525225297736
2534.0 7602.0 1.1895896058004418
2535.0 7605.0 1.2002915469718738
2536.0 7608.0 1.2140834433556444
2537.0 7611.0 1.2274211295948727
2538.0 7614.0 1.2415653573894323
2539.0 7617.0 1.254140186263682
2540.0 7620.0 1.2631836888468593
2541.0 7623.0 1.2713360704839216
2542.0 7626.0 1.2777390823667991
2543.0 7629.0 1.2829640295573972
2544.0 7632.0 1.2865858487710962
2545.0 7635.0 1.2911451299965593
2546.0 7638.0 1.298526769794904
2547.0 7641.0 1.3035407226280251
2548.0 7644.0 1.308185424004024
2549.0 7647.0 1.3104960530468734
2550.0 7650.0 1.313374120457885
2551.0 7653.0 1.3165695914655646
2552.0 7656.0 1.3167979641398633
2553.0 7659.0 1.3181707354193695
2554.0 7662.0 1.3175988469968656
2555.0 7665.0 1.3124058352242136
2556.0 7668.0 1.3081714629907437
2557.0 7671.0 1.305791803528871
2558.0 7674.0 1.3049572734374724
2559.0 7677.0 1.3039726226933113
2560.0 7680.0 1.305159498949696
2561.0 7683.0 1.3079881792665171
2562.0 7686.0 1.3134623713501268
2562.0 7686.0 1.3134623713501268
2563.0 7692.0 0.9992055049061972
2564.0 7698.0 0.998803824669631
2565.0 7704.0 0.9971518296250116
2566.0 7710.0 0.9959144701717622
2567.0 7716.0 0.9951527895856609
2568.0 7722.0 0.9953652869128355
2569.0 7728.0 0.9958209977275253
2570.0 7734.0 0.9928772156410598
2571.0 7740.0 0.9897648417538558
2572.0 7746.0 0.9916993777166125
2573.0 7752.0 0.9936188347604052
2574.0 7758.0 0.9923534960594186
2575.0 7764.0 0.988905383232413
2576.0 7770.0 0.9845879221819177
2577.0 7776.0 0.9801012023823541
2578.0 7782.0 0.9805712306520507
2579.0 7788.0 0.9785632348828723
2580.0 7794.0 0.9794393476955747
2581.0 7800.0 0.9821936677279155
2582.0 7806.0 0.9842574250925875
2583.0 7812.0 0.9837297333318853
2584.0 7818.0 0.9823259283327844
2585.0 7824.0 0.9795730768138564
2586.0 7830.0 0.9799900627534268
2587.0 7836.0 0.9819093184961099
2588.0 7842.0 0.9818481345165067
2589.0 7848.0 0.9817918669793004
2590.0 7854.0 0.979574577868188
2591.0 7860.0 0.9757108115983737
2592.0 7866.0 0.9675556404603934
2593.0 7872.0 0.958090358594642
2594.0 7878.0 0.9518353118093913
2595.0 7884.0 0.94689439854727
2596.0 7890.0 0.9415124771224769
2597.0 7896.0 0.9343275249130301
2598.0 7902.0 0.9284457285671427
2599.0 7908.0 0.9205874213481515
2600.0 7914.0 0.9109775180692884
2601.0 7920.0 0.9005273174839274
2602.0 7926.0 0.8920565782026086
2603.0 7932.0 0.8836386693916155
2604.0 7938.0 0.8774124666076321
2605.0 7944.0 0.8696620891362987
2606.0 7950.0 0.8623118698059713
2607.0 7956.0 0.8592662039945748
2608.0 7962.0 0.857023496752041
2609.0 7968.0 0.8585891573032631
2610.0 7974.0 0.863951853140172
2611.0 7980.0 0.8690167589865883
2612.0 7986.0 0.8780463929206934
2613.0 7992.0 0.8875768149817962
2614.0 7998.0 0.8970873501692449
2615.0 8004.0 0.906234702186526
2616.0 8010.0 0.9126250500462286
2617.0 8016.0 0.9190142778584631
2618.0 8022.0 0.9224811370623456
2619.0 8028.0 0.9291187118817242
2620.0 8034.0 0.9370937827737836
2621.0 8040.0 0.9447027152722894
2622.0 8046.0 0.9513966123622738
2623.0 8052.0 0.9558699254244528
2624.0 8058.0 0.9615756543881844
2625.0 8064.0 0.9669756786961989
2626.0 8070.0 0.9738575976859294
2627.0 8076.0 0.9777908960195717
2628.0 8082.0 0.9771935204780252
2629.0 8088.0 0.9739480065480575
2630.0 8094.0 0.9698240035475194
2631.0 8100.0 0.964036924443684
2632.0 8106.0 0.9596392595117241
2633.0 8112.0 0.9533580299458313
2634.0 8118.0 0.9517206451273788
2635.0 8124.0 0.950859166394483
2636.0 8130.0 0.9508576033793757
2637.0 8136.0 0.9530562142106015
2638.0 8142.0 0.9547698148406626
2639.0 8148.0 0.9599504432576286
2640.0 8154.0 0.965271508916568
2641.0 8160.0 0.9758400773145048
2642.0 8166.0 0.983383927780447
2643.0 8172.0 0.9926727390608969
2644.0 8178.0 0.9994953506188263
2645.0 8184.0 1.0015832879809468
2646.0 8190.0 1.0017632954351867
2647.0 8196.0 1.0042986044480824
2648.0 8202.0 1.0048547866274782
2649.0 8208.0 1.0036822740823006
2650.0 8214.0 0.9981432415764562
2651.0 8220.0 0.9904017006212699
2652.0 8226.0 0.9849548536842904
2653.0 8232.0 0.9835264287962635
2654.0 8238.0 0.9840171763802611
2655.0 8244.0 0.9844847867410786
2656.0 8250.0 0.983674945926721
2657.0 8256.0 0.9834459401052301
2658.0 8262.0 0.9840044361614669
2659.0 8268.0 0.9867710183244873
2660.0 8274.0 0.9878891155512752
2661.0 8280.0 0.9873170874040341
2662.0 8286.0 0.9860015542228612
2663.0 8292.0 0.9814057896735136
2664.0 8298.0 0.9774398488731849
2665.0 8304.0 0.9744536264204771
2666.0 8310.0 0.9697212222059475
2667.0 8316.0 0.9669251266375235
2668.0 8322.0 0.9659074732953996
2669.0 8328.0 0.9671715131182884
2670.0 8334.0 0.9674411706759072
2671.0 8340.0 0.9638281656362141
2672.0 8346.0 0.9587643746408122
2673.0 8352.0 0.9554520154919686
2674.0 8358.0 0.952173126317035
2675.0 8364.0 0.9506892451517227
2676.0 8370.0 0.953126314815661
2677.0 8376.0 0.9566400856207212
2678.0 8382.0 0.9593203889670217
2679.0 8388.0 0.961288079508341
2680.0 8394.0 0.9670528695112875
2681.0 8400.0 0.9714102007189064
2682.0 8406.0 0.976006240676245
2683.0 8412.0 0.9826280359145994
2684.0 8418.0 0.9875902417513324
