         flg_minimization T
              flg_restart T
               flg_resume F
                 flg_save T
        flg_visualization F
     flg_integer_mutation F
                      dim 31
              initpopsize 20
               maxpopsize 720
               print_span 10
            flag_diagonal 0
              flag_active 1
                  maxeval 86000000
                  maxiter 30000
                     seed 2018132337
                  ftarget 1e-08
                     tolx 1e-5
                     tolf 1e-5
  sigma_correction_factor 1.0
                       lb -1.0 -1.0 -1.0 -1.0 -1.0 -1.0 -1.0 -1.0 -1.0 -1.0 -1.0 -1.0 -1.0 -1.0 -1.0 -1.0 -1.0 -1.0 -1.0 -1.0 -1.0 -1.0 -1.0 -1.0 -1.0 -1.0 -1.0 -1.0 -1.0 -1.0 -1.0 
                       ub 1.0 1.0 1.0 1.0 1.0 1.0 1.0 1.0 1.0 1.0 1.0 1.0 1.0 1.0 1.0 1.0 1.0 1.0 1.0 1.0 1.0 1.0 1.0 1.0 1.0 1.0 1.0 1.0 1.0 1.0 1.0
                init_mean 0.0 0.0 0.0 0.0 0.0 0.0 0.0 0.0 0.0 0.0 0.0 0.0 0.0 0.0 0.0 0.0 0.0 0.0 0.0 0.0 0.0 0.0 0.0 0.0 0.0 0.0 0.0 0.0 0.0 0.0 0.0 
                 init_std 0.3333333333333333 0.3333333333333333 0.3333333333333333 0.3333333333333333 0.3333333333333333 0.3333333333333333 0.3333333333333333 0.3333333333333333 0.3333333333333333 0.3333333333333333 0.3333333333333333 0.3333333333333333 0.3333333333333333 0.3333333333333333 0.3333333333333333 0.3333333333333333 0.3333333333333333 0.3333333333333333 0.3333333333333333 0.3333333333333333 0.3333333333333333 0.3333333333333333 0.3333333333333333 0.3333333333333333 0.3333333333333333 0.3333333333333333 0.3333333333333333 0.3333333333333333 0.3333333333333333 0.3333333333333333 0.3333333333333333
               stairwidth 0.0 0.0 0.0 0.0 0.0 0.0 0.0 0.0 0.0 0.0 0.0 0.0 0.0 0.0 0.0 0.0 0.0 0.0 0.0 0.0 0.0 0.0 0.0 0.0 0.0 0.0 0.0 0.0 0.0 0.0 0.0
