#Logger
1 3 1344494019062529.0
2 6 1317011921976543.0
3 9 1362922908053937.0
4 12 1223010818198804.0
5 15 1441234454443691.5
6 18 1067144321309755.0
7 21 1325460775331644.0
8 24 1313380305072811.5
9 27 1432570745718624.0
10 30 1440742595384141.5
11 33 1488455751266080.0
12 36 1402256332510755.8
13 39 1177929263206169.8
14 42 1331937045505052.0
15 45 1277347929599336.0
16 48 1324519556334773.0
17 51 1210719031181084.5
18 54 1422396528447708.8
19 57 1432641467522190.5
20 60 1532252583218841.5
21 63 1275028017763304.5
22 66 1338415376247907.0
23 69 1417038742819617.8
24 72 1449889183353309.8
25 75 1347252292421666.0
26 78 1380221921867971.2
27 81 1337182300603646.5
28 84 1174494969286581.2
29 87 1284633489189174.5
30 90 1332164189030659.2
31 93 1301750082922343.5
32 96 1196777294917527.5
33 99 1412466783769569.2
34 102 1460695768341080.8
35 105 1467624453835108.8
36 108 1449431467294785.0
37 111 1208661353498375.2
38 114 1476721419418469.0
39 117 1337591281734723.8
40 120 1377149660030859.5
41 123 1272125965384828.0
42 126 1064870269541323.5
43 129 1359983423902269.2
44 132 1484448495839738.5
45 135 1389378680890626.0
46 138 1370247880384661.0
47 141 1434249631598254.5
48 144 1330554586262734.8
49 147 1315062678788459.5
50 150 1365394885965985.0
51 153 1360688441820591.5
52 156 1385435948596364.2
53 159 1327648097304344.0
54 162 1316367965971894.8
55 165 1391054777614693.0
56 168 1210805681191068.0
57 171 1330892063926138.5
58 174 1365602159010469.2
59 177 1380634088242679.0
60 180 1222268119670151.5
61 183 1550641325421643.0
62 186 1188446320383141.8
63 189 1448438034430740.5
64 192 1286333548899768.2
65 195 1123107201438425.2
66 198 1334724759119397.5
67 201 1269355488176202.0
68 204 1409090482812666.5
69 207 1326666949007929.5
70 210 1140611729180863.8
71 213 1088043512863444.4
72 216 1340992644025861.2
73 219 1279328789084423.2
74 222 1303084069031101.0
75 225 1235963308514535.8
76 228 1295581043319582.0
77 231 1292622682310196.5
78 234 1252939222925095.0
79 237 1340063434918537.5
80 240 1372529513189188.0
81 243 1249474091255820.8
82 246 1250493633264288.0
83 249 1468073865535338.5
84 252 1491286748024408.5
85 255 1245652485886984.5
86 258 1383373306322651.5
87 261 1471036141135729.5
88 264 1461459660167579.5
89 267 1188766341114486.5
90 270 1425951340964800.2
91 273 1553260960120318.0
92 276 1273193586260245.8
93 279 1293042078830463.0
94 282 894018737679122.8
95 285 1272793424135470.5
96 288 1284321384962498.5
97 291 1174368942927846.8
98 294 1193318245577784.5
99 297 1196305380800555.0
100 300 1297442713414798.0
101 303 1271327584968270.5
102 306 1296443051997279.2
103 309 1430689534975901.8
104 312 1453046673734944.0
105 315 1352242520826083.0
106 318 1277070732160241.2
107 321 1478753892624248.5
108 324 1263657810144691.2
109 327 1375725087549212.5
110 330 1235874428490058.0
111 333 1306838127496855.5
112 336 1256251368089998.0
113 339 1357766591894575.5
114 342 1257269005894573.0
115 345 1335299446956715.5
116 348 1367357499847971.5
117 351 1399971120664504.5
118 354 1446425948037943.5
119 357 1284277626325411.5
120 360 1254946406906250.2
121 363 1462004562623471.8
122 366 1362788317779390.8
123 369 1332356086328724.0
124 372 1213716660115274.2
125 375 1322268894218031.5
126 378 1301495823629645.5
127 381 1275795769746387.0
128 384 1219966992942781.8
129 387 1351603866833812.5
130 390 1293161375245103.0
131 393 1222907517560982.5
132 396 1261860683245458.2
133 399 1206662527814743.0
134 402 985618609605572.5
135 405 1278231500421087.0
136 408 1351927534885053.8
137 411 1454798088693348.0
138 414 1240258706556960.0
139 417 1323786853028087.2
140 420 1132107167980536.5
141 423 1384471742949582.0
142 426 1254613642529392.8
143 429 1419785195142314.0
144 432 1398088672129086.0
145 435 1427832689393734.5
146 438 1293857436552727.0
147 441 1394547300480260.5
148 444 1326752172766021.2
149 447 1278973003955056.5
150 450 1414861102951302.5
151 453 1295245118357427.0
152 456 1403235193259493.0
153 459 1299438338212808.0
154 462 1325017471322699.5
155 465 1107119639346638.0
156 468 1354933848313786.2
157 471 1435312092324520.0
158 474 1076116493749127.8
159 477 1123887773466750.0
160 480 1244990483428581.0
161 483 1370372928647768.0
162 486 1350214156347797.0
163 489 1471341155134092.0
164 492 1272621745870059.0
165 495 1126154898470796.8
166 498 1279664053376817.5
167 501 1342881171743193.5
168 504 1306042407773897.5
169 507 1347966881028680.8
170 510 1330957849768245.2
171 513 1525523205082921.0
172 516 1247459999722161.5
173 519 1409241901999223.0
174 522 1333884509081883.5
175 525 1339631645256690.0
176 528 1387967715025500.5
177 531 1298626234790613.5
178 534 1273756775560520.5
179 537 1343384749933764.8
180 540 1492466990374357.2
181 543 1392970105512435.8
182 546 1533520483350889.0
183 549 1355308977251190.5
184 552 1352115858824417.5
185 555 1403310588499401.0
186 558 1423088429256877.0
187 561 1561031745123458.0
188 564 1432802471379299.8
189 567 1236369300426566.5
190 570 1359762626918986.5
191 573 1172742632381025.0
192 576 1333980688516487.2
193 579 1245809761876241.2
194 582 1213379683694320.8
195 585 1510872311870731.0
196 588 1169210877224905.5
197 591 1352795545034381.8
198 594 1270803409411413.5
199 597 1343017416664695.8
200 600 1320026495797739.5
201 603 1465364663337605.0
202 606 1167636820262494.5
203 609 1354799105742122.2
204 612 1368286881211411.0
205 615 1412253392435226.5
206 618 1242572125515432.0
207 621 1374098906877363.5
208 624 1350097564356104.8
209 627 1304000180933929.5
210 630 1440256812694380.8
211 633 1396108112485848.0
212 636 1353077689439233.0
213 639 1503403255357232.0
214 642 1231299100203939.2
215 645 1300550158075184.0
216 648 1303461782599334.5
217 651 1363332039299187.0
218 654 1460879184252528.0
219 657 1277788216333197.0
220 660 1354611705614796.2
221 663 1406081271184015.2
222 666 1401002458411445.5
223 669 1413254787054067.0
224 672 1465632562063904.0
225 675 1342093681169212.5
226 678 1265024058078263.8
227 681 1434836708994292.0
228 684 1231793423647919.5
229 687 1209190083034116.5
230 690 1299147999114718.5
231 693 1343577742684103.5
232 696 1366572776265200.5
233 699 1211988072575019.5
234 702 1004589856949149.5
235 705 1185819740141789.8
236 708 1526236433387868.8
237 711 1234741791244352.0
238 714 1325049820468011.5
239 717 1491755008646100.0
240 720 1304678338931606.2
241 723 1512905334707917.0
242 726 1248013848251444.5
243 729 1133976259817917.0
244 732 1441680195859902.2
245 735 1423395600112780.5
246 738 1380706163901862.0
247 741 1167334613667425.5
248 744 1411256257949580.5
249 747 1281522036419735.2
250 750 1333276127148911.0
251 753 1359574168010712.2
252 756 1439044597266285.5
253 759 1451787695813327.0
254 762 1430166027890827.5
255 765 1366824734812521.0
256 768 1458679969723930.5
257 771 1279506153263922.5
258 774 1130672514474722.5
259 777 1195419544621679.5
260 780 1428771829970563.2
261 783 1187141423324925.5
262 786 1105303680382530.0
263 789 1325112156546501.0
264 792 1368814800263847.2
265 795 1188964896208933.2
266 798 1356734548580500.5
267 801 1226331708250139.5
268 804 1438814922791328.0
269 807 1268137121625588.0
270 810 1404454684891989.0
271 813 1253319450899684.0
272 816 1412178550344484.5
273 819 1510377716335701.2
274 822 1340953277469797.0
275 825 1190739162004575.8
276 828 1086329428012447.5
277 831 1367880388134995.0
278 834 1431656157936459.0
279 837 1364707421330734.0
280 840 1405091927853304.8
281 843 792316915511718.6
282 846 1441376006756673.5
283 849 1271451092370985.8
284 852 1180618195865102.5
285 855 1359818728590671.5
286 858 1212953377983519.5
287 861 1347097358796033.5
288 864 1340613046740514.5
289 867 1175818206076281.8
290 870 1188050824854098.0
291 873 1362016260888459.8
292 876 1432699378820908.8
293 879 1313592494794027.2
294 882 1247505876652587.8
295 885 1410492019960206.5
296 888 1322821396941269.5
297 891 1381967587671098.5
298 894 1159359937609572.8
299 897 1370612089969015.5
300 900 1208435273553988.0
301 903 1343834647100229.2
302 906 1307009675843286.0
303 909 1325698454092133.2
304 912 1407373742538466.0
305 915 1354770072178819.8
306 918 1444132895485921.0
307 921 1261763395263908.5
308 924 1392727715499749.0
309 927 1501347460676265.0
310 930 1363281500765942.2
311 933 1358575575964188.2
312 936 1102661371554050.5
313 939 1211587846680612.8
314 942 1288741328335273.0
315 945 1353688405791639.5
316 948 1284726481197106.5
317 951 1406018689303057.8
318 954 1411780341789336.0
319 957 1195059489394032.5
320 960 1414408560759374.2
321 963 1428671769901074.5
322 966 1349916434691845.5
323 969 1361344068050825.5
324 972 1312732933559796.0
325 975 1465007003159932.5
326 978 1271824801157605.5
327 981 1363264435838135.8
328 984 1334210076779051.2
329 987 1252290978780416.2
330 990 1557631173205812.2
331 993 1225096558157915.8
332 996 1447859613421400.5
333 999 1316112659562118.5
334 1002 1396378529888515.5
335 1005 1434206762519542.0
336 1008 1317758319049513.0
337 1011 1154866126347338.8
338 1014 1285351288495089.5
339 1017 1514901957832445.5
340 1020 1399250719921967.0
341 1023 1233937775016816.8
342 1026 1412890578212458.0
343 1029 1511064510247682.0
344 1032 1375552323474552.5
345 1035 1377784829742989.0
346 1038 1410258480185195.0
347 1041 1528859612291534.2
348 1044 1382569163185342.0
349 1047 1280846182120782.5
350 1050 1361526576842160.0
351 1053 1245699491790372.8
352 1056 1458414977664284.0
353 1059 1341206622298122.5
354 1062 1232411909083368.2
355 1065 1284410207535560.5
356 1068 1170964218581290.2
357 1071 1432817987836275.0
358 1074 1414332768413317.0
359 1077 1044472134426003.4
360 1080 1202944095923913.0
361 1083 1222081308561378.8
362 1086 1217434182771040.2
363 1089 1373452334869191.0
364 1092 1389287515743748.5
365 1095 1508425166292284.5
366 1098 1361281320700259.0
367 1101 1308337672013011.5
368 1104 1225364227315633.8
369 1107 1390732903673626.5
370 1110 1186330846292122.5
371 1113 1469769460165699.5
372 1116 1399746853394916.5
373 1119 1405590971212792.5
374 1122 1414923772143046.0
375 1125 1518797206260126.5
376 1128 1412871832264924.5
377 1131 1463566262547182.0
378 1134 1297837652360778.8
379 1137 911725740425255.6
380 1140 1114683065236204.0
381 1143 1256346224930187.8
382 1146 1382991140737646.0
383 1149 1325153885272310.0
384 1152 1163881746967673.2
385 1155 1142359721773363.5
386 1158 1435973207398044.0
387 1161 1346401151872970.0
388 1164 1209894009426301.5
389 1167 1465409801257827.2
390 1170 1475827337173483.2
391 1173 1309993542133221.2
392 1176 1546319398920455.0
393 1179 1256365984807995.0
394 1182 1221942036650909.5
395 1185 1364991370745829.0
396 1188 1220550583102755.0
397 1191 1315070495782084.5
398 1194 1244674796884745.0
399 1197 1272287966191971.0
400 1200 1125210813027996.2
401 1203 1549838680569762.0
402 1206 1465099535092118.5
403 1209 1496672952782458.2
404 1212 1343809641278202.0
405 1215 1448171786256792.8
406 1218 1199277891818743.0
407 1221 1233134760264944.5
408 1224 1323750202067813.8
409 1227 1225837858778687.0
410 1230 1034696808670216.2
411 1233 1387013363676797.0
412 1236 1307380920317904.5
413 1239 1435924849728172.8
414 1242 1289936033095879.5
415 1245 1051870677896259.9
416 1248 1459373798632015.5
417 1251 1325238957321954.8
418 1254 1141973671397177.2
419 1257 1399166822224648.2
420 1260 1279943667128009.5
421 1263 1444081206549957.0
422 1266 1454165518698866.2
423 1269 1352437334226158.5
424 1272 1496693766439314.0
425 1275 1394686047171772.5
426 1278 1314991173460365.2
427 1281 1415969609454807.5
428 1284 1460172919786844.0
429 1287 1280700528509105.2
430 1290 1498890295363792.5
431 1293 1330343077108480.5
432 1296 1175601401302312.0
433 1299 1235139074498249.2
434 1302 1247671462026488.5
435 1305 1142857932219106.8
436 1308 1256318697962566.5
437 1311 1390058604692634.0
438 1314 1278503544547574.0
439 1317 1419143236497629.2
440 1320 1123411059171445.8
441 1323 1058753480549584.4
442 1326 1357933509856664.2
443 1329 1225824312245904.5
444 1332 1467937099965840.8
445 1335 1283424363366712.5
446 1338 1321675796996555.5
447 1341 1298829713647710.5
448 1344 1347171487354640.5
449 1347 1486402029941768.5
450 1350 1234417632052186.5
451 1353 1473035126906883.0
452 1356 1171338384099775.0
453 1359 1243044986017718.8
454 1362 1270522795286576.2
455 1365 1376387786026793.0
456 1368 1379029374891047.0
457 1371 1226898643836372.5
458 1374 1429267372805622.0
459 1377 1291178924530756.0
460 1380 1443070922857230.0
461 1383 1310730741110010.8
462 1386 1243629014139483.5
463 1389 1438448147128189.8
464 1392 1503895622148678.8
465 1395 1332896586151817.0
466 1398 1246731772997954.5
467 1401 1247615066817975.2
468 1404 1247188640634691.0
469 1407 1401217882024495.5
470 1410 1563078136762534.8
471 1413 1456617531263960.5
472 1416 1344794723277197.0
473 1419 1331147974704653.0
474 1422 1410081161731573.2
475 1425 1196394185602631.0
476 1428 1290225931676964.0
477 1431 1200331980330905.0
478 1434 1332502872732893.0
479 1437 1275141012142035.5
480 1440 1210831772226213.5
481 1443 1417437013727215.5
482 1446 1309810159250072.5
483 1449 1362343347695088.5
484 1452 1378405097432030.0
485 1455 1086685653998635.8
486 1458 1460244460997450.0
487 1461 1223437056331299.0
488 1464 1360935282268488.5
489 1467 1206972630371976.5
490 1470 1300801767116656.0
491 1473 1444736567392523.0
492 1476 1360709391344461.0
493 1479 1467360597983747.5
494 1482 1260082520149549.8
495 1485 1104850760761700.5
496 1488 1433227481415027.0
497 1491 1465628676877513.5
498 1494 1239070048392303.5
499 1497 1318303261464808.0
500 1500 1410836519147526.0
501 1503 1210424189509352.0
502 1506 1179033758064121.5
503 1509 1444085207558668.0
504 1512 1472476142525339.0
505 1515 1380414704843486.2
506 1518 1381917472448417.8
507 1521 1363099081038034.0
508 1524 1345612171701230.5
509 1527 1402578370193183.8
510 1530 1432175526534926.0
511 1533 1124743384437474.2
512 1536 1242249872729973.2
513 1539 1087573541664134.8
514 1542 1283222071925907.5
515 1545 1318776673273065.5
516 1548 1283021152397194.0
517 1551 984751488928655.1
518 1554 1319460751030465.5
519 1557 1380561211132767.8
520 1560 1263200622158991.5
521 1563 1424490947920157.5
522 1566 1351673886445521.0
523 1569 1279439867723762.5
524 1572 1375192180528169.5
525 1575 1382521802181293.0
526 1578 1369488649144891.8
527 1581 1492137831376354.2
528 1584 1459297902060891.2
529 1587 1383333344253608.5
530 1590 1286861355759614.5
531 1593 1129290272591207.0
532 1596 1357431847663087.0
533 1599 1378224665916687.2
534 1602 1230775804232645.0
535 1605 1116600571547640.2
536 1608 1373623610267122.8
537 1611 1319693888250528.8
538 1614 1275292522720522.2
539 1617 1449443997425132.0
540 1620 1223807459094741.8
541 1623 1186222528358390.0
542 1626 1237152772025194.5
543 1629 1335314922113519.5
544 1632 1303882600710834.2
545 1635 1462448700675471.5
546 1638 1421996276020203.5
547 1641 1225362672728933.0
548 1644 1133403657483163.5
549 1647 1273571119553297.8
550 1650 1213458567383504.0
551 1653 1330084111630010.2
552 1656 1351962318593672.2
553 1659 1251852267396099.5
554 1662 1441761431275248.2
555 1665 1464526872835087.5
556 1668 1261094050137384.0
557 1671 1377042458731310.0
558 1674 1473165424458312.2
559 1677 1462560454716170.8
560 1680 1349673336338798.5
561 1683 1302619198437793.0
562 1686 1306179846958608.5
563 1689 1120629453647461.2
564 1692 1078224749606606.0
565 1695 1170843744925863.0
566 1698 1436098102682744.5
567 1701 1362778857738005.5
568 1704 1206299563932195.2
569 1707 1503274510797022.5
570 1710 1133912099258254.0
571 1713 1334549312515632.8
572 1716 1189296533507367.5
573 1719 1317480237213015.5
574 1722 1246355181737225.8
575 1725 1177522300635315.5
576 1728 1285375996959433.5
577 1731 1111017158188946.2
578 1734 1462368128190257.5
579 1737 1187735398388249.0
580 1740 1386676895029383.5
581 1743 1331635526499156.0
582 1746 1301468349458269.5
583 1749 1153931535126789.5
584 1752 1167641018835802.0
585 1755 1251926915652523.0
586 1758 1260939300501806.5
587 1761 1320421860658405.5
588 1764 1307670660552104.0
589 1767 1262375232127119.8
590 1770 1472703245352373.0
591 1773 1277373632962558.5
592 1776 1328021661921570.5
593 1779 1465023976331544.5
594 1782 1498967405071502.5
595 1785 1444323583398557.0
596 1788 1368547300420954.5
597 1791 1260705852118573.5
598 1794 1308297237764635.5
599 1797 1242325067738508.0
600 1800 1321106032306690.5
601 1803 1262912329186955.0
602 1806 1286744449014313.5
603 1809 1349528275997397.8
604 1812 1126618355541925.0
605 1815 1145136205135726.5
606 1818 1362554158058432.5
607 1821 1358420220542849.0
608 1824 1295431200538972.8
609 1827 1189406697912434.8
610 1830 1243138573660653.0
611 1833 1347428636414628.5
612 1836 1501036657398501.5
613 1839 1481292003818623.0
614 1842 1170023893335272.8
615 1845 1179212172002875.8
616 1848 1396322345895049.0
617 1851 1336706892032216.0
618 1854 1204143407342084.8
619 1857 1127408614773099.0
620 1860 1373624194438614.5
621 1863 1260896005603334.8
622 1866 1395590753406669.0
623 1869 1376624931486971.5
624 1872 1270172323545965.0
625 1875 1431940217413861.0
626 1878 1214507475432358.0
627 1881 1280290949510896.8
628 1884 1513539737632097.2
629 1887 1297935801018237.8
630 1890 1475280429277772.2
631 1893 1382802889862508.0
632 1896 1330245069498688.0
633 1899 1317266891541305.0
634 1902 1284411112336077.5
635 1905 1287680899069620.5
636 1908 1325888284418908.5
637 1911 1361735917675416.8
638 1914 1311024186760948.0
639 1917 1267609042841767.8
640 1920 1186559055166548.5
641 1923 1308876675335530.5
642 1926 1244926381182302.5
643 1929 1291221496145635.2
644 1932 1337654917861736.0
645 1935 1394081929297695.2
646 1938 1436166336367429.5
647 1941 1516708220119150.5
648 1944 1454129716102287.5
649 1947 1380273561156574.0
650 1950 1313405796939475.8
651 1953 1326815118584355.8
652 1956 1297192830735100.0
653 1959 1213746346424998.5
654 1962 1366498033455264.0
655 1965 1249542379243728.5
656 1968 1495106172861693.5
657 1971 1558731611792265.5
658 1974 1311635020447236.0
659 1977 1437308012011175.2
660 1980 1303059189711826.0
661 1983 1326410392168483.0
662 1986 1395275261847693.5
663 1989 1269614780078741.5
664 1992 1323651891271934.2
665 1995 1259469568335960.0
666 1998 1418621727940638.5
667 2001 1409205054135678.2
668 2004 1421077719771384.8
669 2007 1440781897129841.2
670 2010 1190348332710958.5
671 2013 1356272316883967.0
672 2016 1115677788274131.5
673 2019 1133400647784141.0
674 2022 1175044125919728.8
675 2025 1161832779753579.5
676 2028 1122339020945196.5
677 2031 1261271722924290.5
678 2034 1367293429288483.5
679 2037 1384650825768932.5
680 2040 1488995540163661.5
681 2043 1444040976200028.5
682 2046 1355313418762927.8
683 2049 1299680192260862.0
684 2052 1234225991666878.8
685 2055 1353696107231740.0
686 2058 1189426423365691.5
687 2061 1287531990286258.0
688 2064 1445038578322378.2
689 2067 1397663219210511.8
690 2070 1295948726023363.8
691 2073 1305149591257540.0
692 2076 1356381466565647.5
693 2079 1341010683933837.0
694 2082 1199985135280765.5
695 2085 1319362783932546.5
696 2088 1204968650905374.2
697 2091 1364270453525765.5
698 2094 1399643132148291.5
699 2097 1240464381401789.5
700 2100 1447070990978276.0
701 2103 1404008552399538.5
702 2106 1458908607678492.5
703 2109 1490941187170861.0
704 2112 1419466523596096.2
705 2115 1262868152539745.5
706 2118 1412385714738117.0
707 2121 1024909853792966.8
708 2124 1197082974453077.2
709 2127 1396320702969958.8
710 2130 1424136358687461.2
711 2133 1488008019420095.0
712 2136 1429738897708309.0
713 2139 1258000414160209.5
714 2142 1363649507716537.0
715 2145 1364860174935361.0
716 2148 1345297059751994.5
717 2151 1446622080390564.5
718 2154 1392691455094162.5
719 2157 1344392196040012.5
720 2160 1216705180219855.5
721 2163 1380806585138894.0
722 2166 1063839197970440.2
723 2169 1381798005966327.2
724 2172 1306414812019095.8
725 2175 1295328786215433.2
726 2178 1137197452086260.8
727 2181 1153973173741947.2
728 2184 1459674698848778.0
729 2187 1360403778702008.5
730 2190 1354315656001096.5
731 2193 1501487181770287.0
732 2196 1394426428000608.5
733 2199 1361419569381932.5
734 2202 1362562448160860.0
735 2205 1262433641723908.2
736 2208 1229916369885866.0
737 2211 1239740565943025.5
738 2214 1304560827486745.5
739 2217 1435100366055320.2
740 2220 1280975091000559.5
741 2223 963534704244292.2
742 2226 1283876758092699.0
743 2229 787241176142418.4
744 2232 1274880150243688.8
745 2235 1263870802446203.2
746 2238 1236364036603280.5
747 2241 1337764772546565.0
748 2244 1057672618226222.2
749 2247 1124369933190164.1
750 2250 1276154850649749.0
751 2253 1380292785686297.5
752 2256 1358792514775967.8
753 2259 1253279868566949.0
754 2262 1286464934954225.5
755 2265 1329334356349643.0
756 2268 1339536305336090.0
757 2271 1131957165906989.2
758 2274 1330614189627879.5
759 2277 1200313731910257.5
760 2280 1322915887563563.5
761 2283 1346658354319304.5
762 2286 1374252874673385.5
763 2289 1429657885160300.0
764 2292 1301314834819357.5
765 2295 1210974813946418.8
766 2298 1365704411461702.0
767 2301 1086854506070638.5
768 2304 1466705203606124.2
769 2307 1346978976459575.8
770 2310 1257252734438976.5
771 2313 1511114070205652.0
772 2316 1320542872784370.5
773 2319 1369520164835957.8
774 2322 1478093963311755.5
775 2325 1216041382710851.8
776 2328 1236205403367984.0
777 2331 1347793270521593.2
778 2334 1365698887325195.5
779 2337 1373358005474759.8
780 2340 1328897815562092.0
781 2343 1121061864548931.9
782 2346 1400650463575569.0
783 2349 1186121627223698.2
784 2352 1378555272688861.5
785 2355 1476365984017480.5
786 2358 1366804238722100.0
787 2361 1287216272768907.8
788 2364 1362295112260810.5
789 2367 1337841247280516.0
790 2370 1260586529236671.0
791 2373 1449633891226519.5
792 2376 1339053300392396.2
793 2379 1458533152899516.0
794 2382 1222946989533544.0
795 2385 1236078233689208.2
796 2388 1412088113718661.0
797 2391 1277794514243899.5
798 2394 1213175295138994.5
799 2397 1346899342212214.8
800 2400 1335325763236123.2
801 2403 1397898517755663.0
802 2406 1325933845939126.5
803 2409 1390023771008984.5
804 2412 1240894796547343.0
805 2415 1257534007441222.5
806 2418 1431409454213015.0
807 2421 1257508384257313.5
808 2424 1413022039907447.0
809 2427 1307820131190013.8
810 2430 1201029539289153.5
811 2433 1458757443260971.0
812 2436 1226530743713690.0
813 2439 1401661215889963.8
814 2442 1415620873744764.0
815 2445 1391371095873818.5
816 2448 1445518183285725.5
817 2451 1384624849666338.0
818 2454 1429116767338768.0
819 2457 1321423516947060.0
820 2460 1389305474856727.5
821 2463 1329117473988350.0
822 2466 1286781575754059.5
823 2469 1398526747735224.5
824 2472 1313092702309919.5
825 2475 1412106418742518.2
826 2478 1415325264937688.5
827 2481 1231290392967301.0
828 2484 1299845622621077.2
829 2487 1311050488252341.5
830 2490 1411759134443107.0
831 2493 1335063811595541.0
832 2496 1190224774269900.5
833 2499 1387330570140801.0
834 2502 1352434633623512.0
835 2505 1469479040231077.0
836 2508 1188857110666036.5
837 2511 1205090649669930.8
838 2514 1226172721972581.2
839 2517 1421590809890735.5
840 2520 1187478662083267.5
841 2523 1138057136344989.0
842 2526 1251439668443791.0
843 2529 1293947215434417.2
844 2532 1354171122752680.0
845 2535 1224825284206517.0
846 2538 1299081476701994.0
847 2541 1435634198538627.5
848 2544 1222585811648288.0
849 2547 1246380174432604.0
850 2550 1195945084000075.5
851 2553 1363492322246558.0
852 2556 1468456084976548.0
853 2559 1302081777956314.5
854 2562 968957480042674.6
855 2565 1023801475008484.2
856 2568 1457373209467389.8
857 2571 1433428813035276.5
858 2574 1116898245044690.2
859 2577 1321338406126943.5
860 2580 1135518165764098.0
861 2583 1352679484596627.0
862 2586 1514680907395252.5
863 2589 1392554858380020.5
864 2592 1505057835357688.5
865 2595 1350462481135969.5
866 2598 1413243643199292.0
867 2601 1251916797919855.0
868 2604 1274381951090361.0
869 2607 1500141869297808.5
870 2610 1154156178353048.8
871 2613 1145150169570969.5
872 2616 1253894515983160.0
873 2619 1149712649147275.5
874 2622 1421503426403577.5
875 2625 1427004065793513.8
876 2628 1151257231749468.2
877 2631 1380930652777337.5
878 2634 1249510341045871.8
879 2637 1394088070894595.0
880 2640 1331703668188403.0
881 2643 1461423133951647.5
882 2646 1354498340065147.0
883 2649 1323370023726260.5
884 2652 1304944601890030.0
885 2655 1362191587736084.5
886 2658 1356170856401475.0
887 2661 1302270838461540.8
888 2664 1189843494230141.8
889 2667 1406276706359985.5
890 2670 1334828623801046.5
891 2673 1092166396020485.0
892 2676 1312380126494238.0
893 2679 1309027749421714.5
894 2682 1095863554862818.2
895 2685 1224515454713298.0
896 2688 1506506733058899.0
897 2691 1476495504303590.0
898 2694 1387832533407087.5
899 2697 1341990898837928.2
900 2700 1207707600069522.5
901 2703 1297743802748369.5
902 2706 1341492492748676.8
903 2709 1202632685863918.0
904 2712 1337798967006446.5
905 2715 1252932008084396.8
906 2718 1418489478892338.8
907 2721 1295359548084298.8
908 2724 1288121428384277.8
909 2727 1337404601444634.0
910 2730 1357230962453246.0
911 2733 1225868831318355.8
912 2736 1240361555266311.0
913 2739 1411397470904030.0
914 2742 1379346424402008.0
915 2745 1233730227525521.5
916 2748 1397058518810533.0
917 2751 1183922363667385.5
918 2754 965811897657082.6
919 2757 1194612964778606.0
920 2760 1216003066693567.0
921 2763 1532996301921045.2
922 2766 1420422015219813.0
923 2769 1378055381641133.0
924 2772 1322855479958703.5
925 2775 1341883709092133.5
926 2778 1543352983389324.0
927 2781 1259586934483662.0
928 2784 1102719246530529.2
929 2787 1249508215927122.2
930 2790 1270090977620185.2
931 2793 1418628496355727.5
932 2796 1376590019510347.0
933 2799 1195110362501367.5
934 2802 1430166708558603.0
935 2805 1355832735174220.8
936 2808 1259977814709017.0
937 2811 1097683919763504.5
938 2814 1265935507253800.2
939 2817 1231920030828911.8
940 2820 1253164603413316.0
941 2823 1177228216037239.8
942 2826 1267347557908317.5
943 2829 1476473560052630.5
944 2832 1232296188472246.2
945 2835 1325813630642300.0
946 2838 1425673676845739.5
947 2841 1396683014365631.0
948 2844 1330580331167374.8
949 2847 1436237725216493.5
950 2850 1330864689415117.0
951 2853 1331173515670546.0
952 2856 1233693491347385.8
953 2859 1331821756494951.0
954 2862 1466486830867483.8
955 2865 1205758221594843.0
956 2868 1207052325126919.5
957 2871 1124596962724812.5
958 2874 1334198734856845.0
959 2877 1270307570831449.0
960 2880 1332644531234315.5
961 2883 1437064957653834.5
962 2886 1201927836989727.8
963 2889 1318933217134797.0
964 2892 1395589242420678.0
965 2895 1112086698888882.1
966 2898 1243974334356098.5
967 2901 1199604608142700.0
968 2904 1401715646467206.5
969 2907 1304374597163233.8
970 2910 1375007374260722.2
971 2913 1426870468386474.5
972 2916 1532345844436585.2
973 2919 1350009324320626.5
974 2922 1320820411797589.0
975 2925 1402261177120436.0
976 2928 1462200138651391.8
977 2931 1401913772343282.5
978 2934 1212068332573995.5
979 2937 1188120646511059.5
980 2940 1422574148012347.5
981 2943 1011472427597489.6
982 2946 1082159328128272.0
983 2949 1308921558104799.8
984 2952 1509117972638470.5
985 2955 1541618592757537.0
986 2958 1399574606516506.0
987 2961 1305949144503430.0
988 2964 1322555178880363.2
989 2967 1204751021342468.5
990 2970 1381955249695339.5
991 2973 1355460685017092.0
992 2976 1219649681595602.0
993 2979 1403442453252613.5
994 2982 1294037314496056.0
995 2985 1253463552321612.5
996 2988 1296776939693656.0
997 2991 1294464277079063.0
998 2994 1270551106380422.5
999 2997 1460763548486235.2
1000 3000 1334813090079425.0
1001 3003 1387018886128645.2
1002 3006 1358739555415968.8
1003 3009 1234523145281108.0
1004 3012 1490853603761353.0
1005 3015 1072799283655051.8
1006 3018 1335006197059143.2
1007 3021 1396492531255988.5
1008 3024 1485946927098849.0
1009 3027 1410534681132113.5
1010 3030 1313055113754241.8
1011 3033 1449809724826818.5
1012 3036 1270961291100188.0
1013 3039 1510904735442608.5
1014 3042 1126233559314924.8
1015 3045 1430404564617019.8
1016 3048 1486358839876103.5
1017 3051 1330530121319601.5
1018 3054 1280441851935380.0
1019 3057 1237129936183161.0
1020 3060 1412545043031772.0
1021 3063 1308517898644637.5
1022 3066 1206075853442641.5
1023 3069 1367761151181469.2
1024 3072 1427465348663063.5
1025 3075 1469875686282424.5
1026 3078 1422045229524578.8
1027 3081 1332934355613322.0
1028 3084 1287153017698967.5
1029 3087 1322418856496650.0
1030 3090 1387914254043761.5
1031 3093 1348708397776400.8
1032 3096 1360999154698623.2
1033 3099 1309231013378634.8
1034 3102 1153604339234964.5
1035 3105 1406779684194142.0
1036 3108 1315633892941892.8
1037 3111 1433095337643345.8
1038 3114 1436202516555072.0
1039 3117 1428682214207572.0
1040 3120 1325890479077043.8
1041 3123 1308823474767901.0
1042 3126 1330803864684314.0
1043 3129 1387459712784205.8
1044 3132 1471402354732453.5
1045 3135 1470881942687231.0
1046 3138 1222456492263586.2
1047 3141 1429516043889299.5
1048 3144 1163327583084686.8
1049 3147 1265636321995280.0
1050 3150 1464495811435550.0
1051 3153 1280844559877375.0
1052 3156 1347917611017637.5
1053 3159 1458010450575087.0
1054 3162 1389179129146205.0
1055 3165 1242793128450330.5
1056 3168 1205080065056366.5
1057 3171 1329968031078530.5
1058 3174 1380352491367341.5
1059 3177 1510580753744481.5
1060 3180 1282752574401780.5
1061 3183 1247049056543957.0
1062 3186 1341620835393238.0
1063 3189 1309227744314321.0
1064 3192 1305257393772670.0
1065 3195 1256002706293313.2
1066 3198 1603110191271545.5
1067 3201 1371176327590541.8
1068 3204 1318953498664609.0
1069 3207 1035062491172012.2
1070 3210 1185743642342937.0
1071 3213 1335500535719385.5
1072 3216 1318136158077881.8
1073 3219 1088826433299935.1
1074 3222 1389456840570890.0
1075 3225 1271722020711529.0
1076 3228 1167211395595407.8
1077 3231 1447543425212839.8
1078 3234 1333178510661437.2
1079 3237 1250346170246077.2
1080 3240 1295749575353275.0
1081 3243 1377451118491679.2
1082 3246 1444015836829855.5
1083 3249 1466024343141081.5
1084 3252 1112323780943979.0
1085 3255 1388884189441448.2
1086 3258 1377296958479856.5
1087 3261 1249751113568492.5
1088 3264 1372149007160245.5
1089 3267 1428513341468354.0
1090 3270 1372064250771122.5
1091 3273 1307712670148359.8
1092 3276 1420676529068549.0
1093 3279 1214414011624969.2
1094 3282 1289048453711186.5
1095 3285 1354042863247161.5
1096 3288 1166892240864817.8
1097 3291 1309048122478629.5
1098 3294 1431424748815499.5
1099 3297 1277909047233342.0
1100 3300 1383684308351103.0
1101 3303 1224186438226390.8
1102 3306 1387795603489104.8
1103 3309 1279280962955028.0
1104 3312 1208590551482168.8
1105 3315 1459808384926785.0
1106 3318 1472775384023360.8
1107 3321 1466951511422741.5
1108 3324 1268235098194657.0
1109 3327 1221361928616931.5
1110 3330 1364520755973521.0
1111 3333 1247943714907668.5
1112 3336 1470807638111959.0
1113 3339 1251746464268161.2
1114 3342 1243210387973319.0
1115 3345 1197131166093840.5
1116 3348 1299672814130737.8
1117 3351 1258368794466272.8
1118 3354 1318810460971085.8
1119 3357 1414436067473952.2
1120 3360 1430295862819099.5
1121 3363 1542033973631689.8
1122 3366 1339244112632086.0
1123 3369 1326587399612730.2
1124 3372 1262978125594001.0
1125 3375 1347221696348617.5
1126 3378 1319577206781813.5
1127 3381 1435169734403826.2
1128 3384 1229478688017570.0
1129 3387 1037001392471461.8
1130 3390 1390822751236418.5
1131 3393 1443413588932456.8
1132 3396 1399891900526139.8
1133 3399 1432222291948643.5
1134 3402 1227836862688461.5
1135 3405 1195184884977484.5
1136 3408 1248238627913968.5
1137 3411 1535438055499922.2
1138 3414 1241501064625142.5
1139 3417 1271204902895719.0
1140 3420 1244432726704558.5
1141 3423 1489405829422136.8
1142 3426 1255364310667258.2
1143 3429 1323654023564828.5
1144 3432 1227148709939097.8
1145 3435 1541825401346208.5
1146 3438 1291104677720085.0
1147 3441 1063595772917819.5
1148 3444 1447194282916669.5
1149 3447 1418198907880160.5
1150 3450 1413421581122470.5
1151 3453 1173416232541552.5
1152 3456 1085319069345414.0
1153 3459 1163113753701751.2
1154 3462 1077857536945955.8
1155 3465 1282747746872147.8
1156 3468 1299364827330052.8
1157 3471 1258312777599838.8
1158 3474 1438351037694075.0
1159 3477 1131335439743845.2
1160 3480 1467348907415621.8
1161 3483 1514322241389831.0
1162 3486 1385119066885294.5
1163 3489 1300319928362820.0
1164 3492 1312417536856934.0
1165 3495 1353401437203038.2
1166 3498 1430157292772768.0
1167 3501 1331843170526351.0
1168 3504 1405422651723459.8
1169 3507 1419778088408171.0
1170 3510 1256823408648577.0
1171 3513 1394874483653900.5
1172 3516 1404423933322865.0
1173 3519 1282884441559624.5
1174 3522 1262158269602722.2
1175 3525 1334873882354808.0
1176 3528 1160221077960060.5
1177 3531 1389137442628515.0
1178 3534 1465656135709088.8
1179 3537 1489840003948358.0
1180 3540 1276562279213736.0
1181 3543 1136491157392981.2
1182 3546 1345752547197189.0
1183 3549 1318573798226983.0
1184 3552 1347998395404584.0
1185 3555 1331581942251973.8
1186 3558 1578496854254571.5
1187 3561 1502490078988363.0
1188 3564 1241848382573806.8
1189 3567 1412333388387516.0
1190 3570 1299047439766896.5
1191 3573 1198408908041327.2
1192 3576 1307102841192005.0
1193 3579 1299042866181080.5
1194 3582 917278265411432.5
1195 3585 1326001909145015.2
1196 3588 1344888014413681.2
1197 3591 1297708797283171.0
1198 3594 1505812821436402.0
1199 3597 1463275033487339.0
1200 3600 1382447659643497.5
1201 3603 1358329773440898.5
1202 3606 1230240607380482.5
1203 3609 1245878375320153.5
1204 3612 1416093273269237.5
1205 3615 1210358615594347.2
1206 3618 1237876179332945.5
1207 3621 1201025638393422.5
1208 3624 1405170519906683.5
1209 3627 1297110263965845.5
1210 3630 1566327907611227.5
1211 3633 1321059725716519.8
1212 3636 1364893383414044.5
1213 3639 1169824261790773.0
1214 3642 1300165204908880.5
1215 3645 1442831185345056.5
1216 3648 1553698012939775.0
1217 3651 1418884998609512.8
1218 3654 1305502516544783.2
1219 3657 1405198462669808.5
1220 3660 1393690650257286.0
1221 3663 1399871564026550.8
1222 3666 1337742478582951.5
1223 3669 1338527311773949.5
1224 3672 1458643949193865.5
1225 3675 1234723036550805.8
1226 3678 1371696439127948.5
1227 3681 1491349533600539.2
1228 3684 1308383081284422.0
1229 3687 1398885896003255.5
1230 3690 1332852701785535.0
1231 3693 1402165851080854.5
1232 3696 1321101692133400.2
1233 3699 1393463011756781.8
1234 3702 1386015142893817.0
1235 3705 1305870431089898.8
1236 3708 1511766851518607.0
1237 3711 1424396752173803.5
1238 3714 1241534170797155.0
1239 3717 1450371721696119.5
1240 3720 1312302401899486.8
1241 3723 1322288485686970.8
1242 3726 1129832474824383.5
1243 3729 1485106102717271.5
1244 3732 1393750218124174.2
1245 3735 1252014198568077.2
1246 3738 1282710783183972.8
1247 3741 1136384634345447.5
1248 3744 1260413049347748.5
1249 3747 1120305041934033.2
1250 3750 1483988175720699.0
1251 3753 1413132776518072.5
1252 3756 1455234257983454.0
1253 3759 1257732889613838.8
1254 3762 1379913316338440.5
1255 3765 1375742340086278.5
1256 3768 1247570983629964.2
1257 3771 1315121693139359.8
1258 3774 1158040439939003.0
1259 3777 1518359392198053.8
1260 3780 1293599987385329.5
1261 3783 1435105022586783.0
1262 3786 1456431352340005.0
1263 3789 1377180059873905.0
1264 3792 1450730238969397.8
1265 3795 1411547673192522.0
1266 3798 1259679111495492.2
1267 3801 1218872701735342.5
1268 3804 1329113071165544.5
1269 3807 1534142741084955.5
1270 3810 1211289757981293.8
1271 3813 1436515267996048.8
1272 3816 1310417434876132.5
1273 3819 1136213776153023.0
1274 3822 1442196334539723.0
1275 3825 1236362627682008.5
1276 3828 1424103135321334.5
1277 3831 1514878901387998.0
1278 3834 1324056208305797.2
1279 3837 1274062880888354.2
1280 3840 1375631591010328.0
1281 3843 1241327605178315.0
1282 3846 1350258775363364.8
1283 3849 1255700898524306.0
1284 3852 1209656358005747.5
1285 3855 1373029348804064.5
1286 3858 1375687391553495.0
1287 3861 1432039155860048.2
1288 3864 1264605795044621.0
1289 3867 979252209957025.6
1290 3870 1284378512638878.8
1291 3873 1360365913339264.0
1292 3876 1317217538847551.8
1293 3879 1241192949400361.5
1294 3882 1330779033193435.8
1295 3885 1318434573758053.8
1296 3888 1194285793121856.2
1297 3891 1462124397417669.5
1298 3894 1368569884827782.5
1299 3897 1275444935591375.0
1300 3900 1373298097769788.0
1301 3903 1127996014280053.5
1302 3906 1378453723867383.5
1303 3909 1219429129331922.5
1304 3912 1157827733977050.8
1305 3915 1151039882123216.0
1306 3918 1219503522111884.0
1307 3921 1368852092178702.2
1308 3924 1262515517675620.5
1309 3927 1187800846419479.8
1310 3930 1105801664149696.8
1311 3933 1295119138541891.2
1312 3936 1430399741911642.5
1313 3939 1394022162762743.2
1314 3942 1103242152351398.2
1315 3945 1510106229059452.0
1316 3948 1367161817474789.8
1317 3951 1089579992153428.9
1318 3954 1158728100842390.0
1319 3957 1244689917668108.8
1320 3960 1270859791883218.2
1321 3963 1388033541367550.2
1322 3966 1020214816625424.8
1323 3969 1282862538488171.8
1324 3972 1368480887330556.0
1325 3975 1246948937469406.5
1326 3978 1138398036544969.0
1327 3981 1176920385838816.8
1328 3984 1063877117918859.9
1329 3987 1259679855926958.0
1330 3990 1297107858584398.5
1331 3993 1214805287086825.5
1332 3996 1377643934643898.0
1333 3999 1352279187328563.5
1334 4002 1151111704810757.0
1335 4005 1240556923948670.0
1336 4008 1285218130412114.0
1337 4011 1390118577366778.5
1338 4014 1492130794384036.8
1339 4017 1489164075814270.5
1340 4020 1222515589598639.5
1341 4023 1418855292406749.2
1342 4026 1131515359949515.0
1343 4029 1208499431095041.5
1344 4032 1344819982959541.8
1345 4035 1471597471061983.5
1346 4038 1453740676167450.0
1347 4041 1287745588587148.0
1348 4044 1372608986919750.2
1349 4047 1224365967931670.0
1350 4050 1298532238312587.0
1351 4053 1281172090905748.8
1352 4056 1375492610093810.5
1353 4059 1364907478098183.0
1354 4062 1462128083569861.5
1355 4065 1354008900834290.8
1356 4068 1315207268341769.5
1357 4071 1352377748865010.0
1358 4074 1350456968594521.5
1359 4077 1185648898441981.5
1360 4080 1261425247059200.0
1361 4083 1329795639733653.0
1362 4086 1230477893307449.0
1363 4089 1327472099969712.0
1364 4092 1247187274760746.5
1365 4095 1438778815536849.5
1366 4098 1169682023509985.8
1367 4101 1129369005027570.0
1368 4104 1235604543765825.5
1369 4107 1393323485117640.0
1370 4110 1273144457138780.8
1371 4113 1204090002553315.0
1372 4116 944016540015627.4
1373 4119 1246208724189804.8
1374 4122 1369230285878597.5
1375 4125 1264234191524485.0
1376 4128 1285726454948999.2
1377 4131 1407418097984733.5
1378 4134 1246505103850213.5
1379 4137 1528347575047642.5
1380 4140 1573638776455094.8
1381 4143 1351824284830043.0
1382 4146 1498906195679132.5
1383 4149 1211584314291358.2
1384 4152 1241388263890069.0
1385 4155 1166726788951387.5
1386 4158 1301173527035344.0
1387 4161 1196957902625936.5
1388 4164 1089610313821060.0
1389 4167 1277388570179345.8
1390 4170 1233214122123423.5
1391 4173 1004169604532282.2
1392 4176 1435928726745553.2
1393 4179 1424771729933400.0
1394 4182 1468180973911175.0
1395 4185 1391326715612282.8
1396 4188 1230102878436211.0
1397 4191 1315269638578799.8
1398 4194 1364777208786357.2
1399 4197 1338022755236657.5
1400 4200 1320016961375306.0
1401 4203 1421309366152691.0
1402 4206 1402833465372175.5
1403 4209 1301570683771785.0
1404 4212 1314055640150846.0
1405 4215 1378831982126438.0
1406 4218 1248309494968560.2
1407 4221 1349030847373540.5
1408 4224 1160799940390621.0
1409 4227 1293481664283329.0
1410 4230 1401637453434109.8
1411 4233 1306881813877100.0
1412 4236 1215435774215558.0
1413 4239 1362177931896853.0
1414 4242 1193248952763042.0
1415 4245 1364873396005557.8
1416 4248 1420734436898669.5
1417 4251 1285463671017976.0
1418 4254 1347136322068738.5
1419 4257 1400779102226893.8
1420 4260 1495834060513976.8
1421 4263 1369822757902997.0
1422 4266 1287389504395797.0
1423 4269 1160651553595842.2
1424 4272 1395522585812938.0
1425 4275 1168293433397671.2
1426 4278 1515151673892886.5
1427 4281 1352995311645762.0
1428 4284 1397296493432629.0
1429 4287 1519047363513836.2
1430 4290 1382552429570504.5
1431 4293 1293654340553606.0
1432 4296 1412567312719203.5
1433 4299 1228427576854059.0
1434 4302 1372957742124362.5
1435 4305 1347755638576266.8
1436 4308 1191730772789547.2
1437 4311 1142746891612602.5
1438 4314 1358411923807207.0
1439 4317 1267602393372255.0
1440 4320 1358766711146584.0
1441 4323 1341754838389058.5
1442 4326 1529697928600177.5
1443 4329 1333099873508178.2
1444 4332 1338157644059861.5
1445 4335 1148728589053813.5
1446 4338 1257888759236184.0
1447 4341 1171897176151670.5
1448 4344 1253175471565751.2
1449 4347 1235937332654018.8
1450 4350 1347337793507060.0
1451 4353 1487695927726318.8
1452 4356 1332825491574861.5
1453 4359 1280902258176998.5
1454 4362 1354483922420281.0
1455 4365 1375421287845216.0
1456 4368 1393376118188972.5
1457 4371 1303106584774383.0
1458 4374 1250907799377241.5
1459 4377 1438140874325264.5
1460 4380 1238627847879258.8
1461 4383 1307082109294448.0
1462 4386 1184176482688216.0
1463 4389 1375812662446106.5
1464 4392 1319704813356542.2
1465 4395 1106514089986860.8
1466 4398 1430626424628083.8
1467 4401 1454620028325079.5
1468 4404 1588392002899006.0
1469 4407 1354128594110298.2
1470 4410 1427432160849954.5
1471 4413 1260613334404037.5
1472 4416 1191832248112506.0
1473 4419 1267114616295144.5
1474 4422 1324182526395066.0
1475 4425 1171063755150216.5
1476 4428 1183364148365302.5
1477 4431 1352965945744494.8
1478 4434 1209346733726718.8
1479 4437 1278590173686769.5
1480 4440 1398380040898930.0
1481 4443 1158382683467247.0
1482 4446 1208465460504533.0
1483 4449 1304921844158065.0
1484 4452 1351982427270625.2
1485 4455 1486685838453805.5
1486 4458 1386830489917159.0
1487 4461 1447282597283056.8
1488 4464 1421399003321571.5
1489 4467 1444561391900414.0
1490 4470 1397739693225212.0
1491 4473 1183300819836486.0
1492 4476 1226510670190747.0
1493 4479 1306532275193131.2
1494 4482 1338726476300338.0
1495 4485 1352780845916273.2
1496 4488 1419635662052236.0
1497 4491 1454101102971287.0
1498 4494 1413033280323750.0
1499 4497 1450853221800582.5
1500 4500 1309825136984318.5
1501 4503 1138351622873867.0
1502 4506 1272078305317016.5
1503 4509 934689112631158.2
1504 4512 1128690806262540.5
1505 4515 1283573284299114.8
1506 4518 1205395630305021.2
1507 4521 1398570220177292.0
1508 4524 1312164507824525.5
1509 4527 1352409515096956.5
1510 4530 1414659043046727.0
1511 4533 1473613874789292.0
1512 4536 1484911279886600.0
1513 4539 1419510459289775.5
1514 4542 1313433817549192.5
1515 4545 1037944857556921.2
1516 4548 1210823521254439.5
1517 4551 1171309952940631.5
1518 4554 1395333517754766.0
1519 4557 945949694447791.2
1520 4560 1242598917228019.8
1521 4563 1335933793780978.5
1522 4566 1418688219686577.5
1523 4569 1350383657082447.5
1524 4572 1335568938354237.2
1525 4575 1224040459344029.5
1526 4578 1267228841773603.0
1527 4581 1185859079007456.5
1528 4584 1226975815865813.5
1529 4587 1441958753475602.5
1530 4590 1260986361431368.5
1531 4593 1241056083866060.0
1532 4596 1211915993851891.2
1533 4599 1201909399191664.5
1534 4602 1327557177034967.0
1535 4605 1304167998153928.5
1536 4608 1230782018616818.2
1537 4611 1283737620354526.0
1538 4614 1110767674944133.1
1539 4617 1267785557392893.0
1540 4620 1099349902352102.8
1541 4623 1326668434658276.5
1542 4626 1288745354481977.5
1543 4629 1338182729039260.0
1544 4632 1529899829024192.5
1545 4635 1395443123026595.5
1546 4638 1443521624623502.2
1547 4641 1426434445943207.5
1548 4644 1438325147625707.5
1549 4647 1116735118735614.0
1550 4650 1467103293105800.5
1551 4653 1311887865255543.5
1552 4656 1441293834757484.0
1553 4659 1340815299869928.2
1554 4662 1508564578881396.0
1555 4665 1333619442099744.5
1556 4668 1520687910861303.5
1557 4671 1392652222114705.0
1558 4674 1447857631899391.5
1559 4677 1393456168619441.5
1560 4680 1490488547051922.0
1561 4683 1186038565324170.0
1562 4686 1122457032904245.0
1563 4689 1290041592308947.0
1564 4692 1407499769830732.2
1565 4695 1211579619008377.8
1566 4698 1248953462495899.2
1567 4701 1466847877924312.0
1568 4704 1278967627272293.2
1569 4707 1323656513210525.0
1570 4710 1257815268394566.0
1571 4713 1378841894290274.0
1572 4716 1318958356973503.0
1573 4719 1339398005233177.0
1574 4722 1246288233711630.8
1575 4725 1495273830470243.5
1576 4728 1353506895416268.0
1577 4731 1313193062168017.0
1578 4734 1364560989171856.0
1579 4737 1528767184944394.0
1580 4740 1376263702360055.8
1581 4743 1135174675172160.2
1582 4746 1258096969514892.5
1583 4749 1331425221536366.0
1584 4752 1358797277684030.0
1585 4755 1328786314445709.0
1586 4758 1264196738003531.2
1587 4761 1221623647619905.5
1588 4764 1566924342449660.2
1589 4767 1120908887109326.4
1590 4770 1317007252846576.5
1591 4773 1376073219148164.8
1592 4776 1035868436704526.9
1593 4779 1339731589704854.0
1594 4782 1427231137489474.0
1595 4785 1400163761609514.5
1596 4788 1190019140764030.5
1597 4791 1373632809880142.8
1598 4794 1413672389547651.0
1599 4797 1421756307753514.8
1600 4800 1472700421005736.5
1601 4803 1379426947317425.0
1602 4806 1329087051570078.5
1603 4809 1305821421678343.5
1604 4812 1473888816735829.0
1605 4815 1361433855246708.0
1606 4818 1432666323535729.0
1607 4821 1379466025641200.0
1608 4824 1446732477389608.0
1609 4827 1364845560031275.5
1610 4830 1386038874619019.2
1611 4833 1356052903995802.2
1612 4836 1285711592864023.0
1613 4839 1490251694082536.0
1614 4842 1305628078372349.8
1615 4845 1439663331133553.5
1616 4848 1322418829513123.0
1617 4851 1269944267283642.5
1618 4854 1315830296185577.0
1619 4857 1260444216317137.5
1620 4860 1347134455964733.0
1621 4863 1316752604702366.8
1622 4866 1334739959520747.2
1623 4869 1183141441155820.2
1624 4872 1363326189083301.0
1625 4875 1104724801800943.6
1626 4878 1408208166715744.5
1627 4881 1465813850242539.8
1628 4884 1369226921664193.8
1629 4887 1231800695431018.2
1630 4890 1375319919071551.8
1631 4893 1275922663057460.5
1632 4896 1137431097586110.2
1633 4899 1331945314026525.8
1634 4902 1294617142044407.5
1635 4905 1218570579519871.5
1636 4908 1341835581898709.5
1637 4911 1364772655945339.0
1638 4914 1343185114566485.2
1639 4917 1287624407785477.5
1640 4920 1224624297766106.5
1641 4923 1174718561822083.0
1642 4926 1324232243909416.5
1643 4929 1344271617159803.5
1644 4932 1314951453835721.0
1645 4935 1325239793807548.5
1646 4938 1376655257207120.5
1647 4941 1235959630075897.0
1648 4944 1436996193933006.0
1649 4947 1292886360304451.8
1650 4950 1407119268100795.5
1651 4953 1360672937582768.0
1652 4956 1281654721931194.8
1653 4959 1319432478467916.5
1654 4962 1310404031408717.5
1655 4965 1123560282990059.5
1656 4968 1129875025755431.0
1657 4971 1431815274588246.8
1658 4974 1292174514385780.2
1659 4977 1308223740243407.5
1660 4980 1312156868085033.5
1661 4983 1317703527984225.0
1662 4986 1355120104747388.5
1663 4989 887556840568390.2
1664 4992 1412004505692963.5
1665 4995 1195150525530331.5
1666 4998 1220601725741178.0
1667 5001 1303352323987781.0
1668 5004 1379244923435368.5
1669 5007 1343004801222156.8
1670 5010 1276061051677161.5
1671 5013 1081298579010430.0
1672 5016 1373309149782549.0
1673 5019 1342382250655407.0
1674 5022 1306689005659744.5
1675 5025 1447521449742015.8
1676 5028 1516619409579428.5
1677 5031 1498343912686551.0
1678 5034 1413106198562659.0
1679 5037 1441170974835608.0
1680 5040 1321974925629578.0
1681 5043 1353678445088100.0
1682 5046 1236591125385508.2
1683 5049 1108133895666470.4
1684 5052 1149926600443056.0
1685 5055 1187044569741023.5
1686 5058 1251254044432416.5
1687 5061 1303333721722168.2
1688 5064 1215564296477553.5
1689 5067 1165105093269729.2
1690 5070 1380794882346800.5
1691 5073 1129254858644058.2
1692 5076 1334191359127735.0
1693 5079 1478699733038488.2
1694 5082 1429543239951230.0
1695 5085 1548983700997592.0
1696 5088 1396937701740482.0
1697 5091 1572358260794707.5
1698 5094 1521879020200554.5
1699 5097 1278870110288873.5
1700 5100 1197748440290690.0
1701 5103 1430470692453960.8
1702 5106 1485235797445790.5
1703 5109 1348504712815532.5
1704 5112 1481601729642722.0
1705 5115 1297660062010662.8
1706 5118 1340176828296395.0
1707 5121 1138705268604927.0
1708 5124 1261090963960114.0
1709 5127 1303496604767079.5
1710 5130 1513397644756022.5
1711 5133 1244501180357181.5
1712 5136 1193313476719445.8
1713 5139 1471939609898846.5
1714 5142 1363423662752570.0
1715 5145 1402944836954478.5
1716 5148 1423789370633611.5
1717 5151 1305429317471547.0
1718 5154 1097744081864022.0
1719 5157 1421121669789963.2
1720 5160 1249779279116234.0
1721 5163 1511489796431503.5
1722 5166 1520332214297936.0
1723 5169 1328854393001293.0
1724 5172 1417936191960321.0
1725 5175 1434092813802431.2
1726 5178 1447277236676277.2
1727 5181 1241697282952480.5
1728 5184 1206552258807135.8
1729 5187 1127901403386879.0
1730 5190 1394433831325372.5
1731 5193 1159538602868565.0
1732 5196 1151410441732721.5
1733 5199 1245740289586942.2
1734 5202 1098104200954768.1
1735 5205 1315780334626944.5
1736 5208 1340886577027346.2
1737 5211 1257823340171375.0
1738 5214 1351961454470458.0
1739 5217 1245322617782093.2
1740 5220 1326666351087478.0
1741 5223 1032305393888374.4
1742 5226 1225448977860366.5
1743 5229 1288679700367214.8
1744 5232 1323273069039944.2
1745 5235 1374376688183942.5
1746 5238 1291308777841313.5
1747 5241 1305328038082890.0
1748 5244 1411856067563153.2
1749 5247 1193604242485052.2
1750 5250 1377613367980821.5
1751 5253 1226326697649114.0
1752 5256 1264569947483182.2
1753 5259 1357019777277074.5
1754 5262 1360911874071268.8
1755 5265 1288046933417829.8
1756 5268 1359078763544326.5
1757 5271 1236793272940318.5
1758 5274 1299970259329909.8
1759 5277 1223150131558451.8
1760 5280 1471616601962699.5
1761 5283 1357648056083139.0
1762 5286 1243509622622725.8
1763 5289 1477224152589771.0
1764 5292 1580068689952714.5
1765 5295 1360178757194725.2
1766 5298 1263099691028356.2
1767 5301 1311886148585797.5
1768 5304 1321674180889724.0
1769 5307 1214443327050584.8
1770 5310 1223623617573798.5
1771 5313 1413442870096433.5
1772 5316 1321485219407292.5
1773 5319 1400670112567113.0
1774 5322 1435162488929317.2
1775 5325 1480682973949353.0
1776 5328 1405805978110692.5
1777 5331 1454091213237911.5
1778 5334 1311682441939264.8
1779 5337 1281204300698460.0
1780 5340 1319029894298925.8
1781 5343 1399964886128307.0
1782 5346 1467690196314170.2
1783 5349 1290955415663290.0
1784 5352 1476769491066348.5
1785 5355 1326002922552610.2
1786 5358 1196256861174473.2
1787 5361 1393410371458764.5
1788 5364 1386445373884329.0
1789 5367 1467996726234815.5
1790 5370 1107450816968274.4
1791 5373 1396603797309035.0
1792 5376 1344341186708822.0
1793 5379 1276529537890646.0
1794 5382 1355021692612361.5
1795 5385 1317975057765906.5
1796 5388 1264459737389974.8
1797 5391 1297013124447662.5
1798 5394 1223589690089367.0
1799 5397 1342539029568623.0
1800 5400 1419510206425365.0
1801 5403 1272878152880223.5
1802 5406 1402473427982648.2
1803 5409 1399866774918938.0
1804 5412 1307749258176659.2
1805 5415 1406934806916418.2
1806 5418 1477496670687177.5
1807 5421 1246201237306714.5
1808 5424 1570045647515349.0
1809 5427 1354093415255319.2
1810 5430 1451795424575487.2
1811 5433 1296971142385124.0
1812 5436 1380828955682597.0
1813 5439 1331211626853051.0
1814 5442 1394809521420902.0
1815 5445 1335063157227641.0
1816 5448 1380306425941514.0
1817 5451 1296282570059572.0
1818 5454 1333794568274226.5
1819 5457 1448885740819499.5
1820 5460 1468077856089643.0
1821 5463 1510492142376651.0
1822 5466 1410185706131503.5
1823 5469 1314639343698336.2
1824 5472 1290668169135831.5
1825 5475 1408439970984784.5
1826 5478 1117111938765393.5
1827 5481 1296264005759792.8
1828 5484 1260887774723854.5
1829 5487 1070294368473338.2
1830 5490 1356969454073558.2
1831 5493 1313594389291396.5
1832 5496 1303651846753658.2
1833 5499 1209918077724099.0
1834 5502 1358460645028645.5
1835 5505 1340232110398055.5
1836 5508 1362799587653394.0
1837 5511 1124836217630784.4
1838 5514 1361503034537969.0
1839 5517 1413588673367470.8
1840 5520 1273959637023071.5
1841 5523 1274015905490743.0
1842 5526 1314975419626893.0
1843 5529 1296453231516157.8
1844 5532 1410733740362169.5
1845 5535 1074154360541929.9
1846 5538 1156382038864357.8
1847 5541 1445076587707859.8
1848 5544 1358292101527616.0
1849 5547 1157309082298619.2
1850 5550 1388840460667573.8
1851 5553 1442307347829727.0
1852 5556 1329123312548880.5
1853 5559 1299356944825083.8
1854 5562 1348486148944624.5
1855 5565 1140776304955451.0
1856 5568 1402696699491437.0
1857 5571 1390884537217553.5
1858 5574 1437941987757638.5
1859 5577 1398050976615087.5
1860 5580 1244817799519114.5
1861 5583 1402989385344586.5
1862 5586 1405430229174267.5
1863 5589 1368528827456497.2
1864 5592 1331207809907896.0
1865 5595 1255348058039229.2
1866 5598 1145957435122470.8
1867 5601 1266664026627180.0
1868 5604 1298500489319533.8
1869 5607 1347309325410660.0
1870 5610 1020676244574941.4
1871 5613 1333567110000727.0
1872 5616 1137537508734061.8
1873 5619 1118369593762322.8
1874 5622 1158301371055556.5
1875 5625 1457773670230688.5
1876 5628 1436735294630838.5
1877 5631 1262025052357993.5
1878 5634 1470444740656167.8
1879 5637 1455882842090047.0
1880 5640 1404392482460842.5
1881 5643 1313843784974728.0
1882 5646 1155773849428370.2
1883 5649 1265876567011004.2
1884 5652 1355373800195849.5
1885 5655 1322754363884203.2
1886 5658 1348461067308216.5
1887 5661 1320439729748541.0
1888 5664 1326181545520332.0
1889 5667 1374170785954913.0
1890 5670 1001628869928226.1
1891 5673 1297179255936710.2
1892 5676 1129355182624750.2
1893 5679 1085521610608000.0
1894 5682 1287384841715017.5
1895 5685 1487536102739550.8
1896 5688 1340683640393480.8
1897 5691 1159198344185617.5
1898 5694 1228999735959787.0
1899 5697 1184577869655344.0
1900 5700 1306396452124200.5
1901 5703 1452718551567844.5
1902 5706 1221129884302579.0
1903 5709 1227560095848505.0
1904 5712 1329456965515147.0
1905 5715 1328227794454201.5
1906 5718 1424868786495071.0
1907 5721 1436875579778033.0
1908 5724 1325287632886033.5
1909 5727 1332525887544931.0
1910 5730 1541109357981143.0
1911 5733 1469964667281067.5
1912 5736 1454979236247515.8
1913 5739 1256743678066453.0
1914 5742 1216397899772672.8
1915 5745 1240327216919015.8
1916 5748 1436024842405595.2
1917 5751 1441496477289261.5
1918 5754 1354097418083868.2
1919 5757 1386632952101386.5
1920 5760 1368960942138233.5
1921 5763 1382875707267514.0
1922 5766 1243357602012820.0
1923 5769 1340723738383676.5
1924 5772 1312723978276249.0
1925 5775 1558447682062099.0
1926 5778 1469759204287266.2
1927 5781 1234302415786431.5
1928 5784 1503991770050775.0
1929 5787 1348138326010080.5
1930 5790 1485865947898770.0
1931 5793 1410381583995852.0
1932 5796 1530563680385884.2
1933 5799 1434042238769070.0
1934 5802 1347430924194019.0
1935 5805 1443791068041746.0
1936 5808 1359947953813030.8
1937 5811 1386791043347246.0
1938 5814 1187029355072210.0
1939 5817 1343245813439800.5
1940 5820 1341108466201405.0
1941 5823 1344665612346634.5
1942 5826 1254096796075027.2
1943 5829 1165679043867397.0
1944 5832 1395336257799960.5
1945 5835 1450840043061018.8
1946 5838 1301476696759722.2
1947 5841 1365703436263922.5
1948 5844 1343189225911960.2
1949 5847 1344206107071488.5
1950 5850 1270952454547190.5
1951 5853 1450639723171585.0
1952 5856 1406431860413283.5
1953 5859 1307681087279610.2
1954 5862 1378958444980311.8
1955 5865 1285218851431131.2
1956 5868 1124488034717172.4
1957 5871 1389001850034378.5
1958 5874 1194681738542497.8
1959 5877 1306797216463714.0
1960 5880 1297995474277481.5
1961 5883 1268254233222753.8
1962 5886 1314087497661712.5
1963 5889 1355768057365110.0
1964 5892 1276719631985995.5
1965 5895 1251167029636935.0
1966 5898 1382404077206153.0
1967 5901 1076265691612822.0
1968 5904 1364400794780710.5
1969 5907 1445746286097082.5
1970 5910 1428134245108496.5
1971 5913 1348089961599385.2
1972 5916 1368559946525760.8
1973 5919 1491947557584231.0
1974 5922 1300631773544933.5
1975 5925 1310767291750195.0
1976 5928 1297828910617287.0
1977 5931 1332396545855457.0
1978 5934 1242868620986242.5
1979 5937 1222042289296184.8
1980 5940 1456485631440855.0
1981 5943 1268737420304091.2
1982 5946 1255966906941193.0
1983 5949 1531058223728012.5
1984 5952 1349253095750226.8
1985 5955 1276359700211082.5
1986 5958 1279043306983306.8
1987 5961 1481117143575601.0
1988 5964 1494439602456007.2
1989 5967 1234955325509058.2
1990 5970 1319060319419864.0
1991 5973 1250987455241300.0
1992 5976 1232715377723914.0
1993 5979 1395477262666541.5
1994 5982 1321854165684633.5
1995 5985 1373968099586056.0
1996 5988 1253240382265715.0
1997 5991 1386116183084910.5
1998 5994 1212137790932265.2
1999 5997 1370732948969395.5
2000 6000 1353257218374296.5
2001 6003 1353087476361790.5
2002 6006 1426812401146692.5
2003 6009 1243628211810410.0
2004 6012 1233251991176897.5
2005 6015 1241888602110256.0
2006 6018 1325661174006126.0
2007 6021 1197450953440402.5
2008 6024 1297227311194529.5
2009 6027 1191097979815568.8
2010 6030 1308373370461850.8
2011 6033 1310861663980219.5
2012 6036 1481042486357237.0
2013 6039 1381406573426075.5
2014 6042 1502563171830954.5
2015 6045 1310935260783156.5
2016 6048 1129991695360940.2
2017 6051 1371741474877085.5
2018 6054 1463756873440646.0
2019 6057 1254555642901679.5
2020 6060 1276550352504507.5
2021 6063 1318927214943074.2
2022 6066 1341307157527982.5
2023 6069 841641083989680.8
2024 6072 1409719542659469.5
2025 6075 1225678649341408.5
2026 6078 1333055805325756.0
2027 6081 1271792507140520.5
2028 6084 1571995560229448.5
2029 6087 1416069967500869.8
2030 6090 1230809507189578.2
2031 6093 1176590225148041.0
2032 6096 1316579245035326.5
2033 6099 1340367793185084.5
2034 6102 1448070471782985.8
2035 6105 1195791567990554.5
2036 6108 1319754527616786.2
2037 6111 1472187234423635.5
2038 6114 1304177705891201.5
2039 6117 1339559779876495.5
2040 6120 1266481267650734.0
2041 6123 1166064745074402.0
2042 6126 1240143782883173.0
2043 6129 1393145661849846.0
2044 6132 1348794108596910.5
2045 6135 1345398956519820.0
2046 6138 1135354645831023.8
2047 6141 1013660188170254.1
2048 6144 1232383458907468.5
2049 6147 1355900453156789.0
2050 6150 1397978151997279.5
2051 6153 1119520811473250.8
2052 6156 1203681319043408.5
2053 6159 1142302550062765.5
2054 6162 1214513374886675.0
2055 6165 1352281794328924.8
2056 6168 1217835387622040.2
2057 6171 1085125850746106.8
2058 6174 1216916280200340.0
2059 6177 1162854042781682.5
2060 6180 1128832760968118.2
2061 6183 1243458963652751.2
2062 6186 1130650969094737.2
2063 6189 1156448093574931.0
2064 6192 1253184609328075.2
2065 6195 1430338655736857.5
2066 6198 1207588313718141.5
2067 6201 1405763349760030.5
2068 6204 1021260989326742.8
2069 6207 1128234330184408.0
2070 6210 1285991532431233.0
2071 6213 1406270373776634.0
2072 6216 1351715851999795.0
2073 6219 1244354985602182.5
2074 6222 1378883637222384.2
2075 6225 1300239020979847.0
2076 6228 1365754030049313.0
2077 6231 1401377429635717.5
2078 6234 1598145645998746.0
2079 6237 1300872226468957.2
2080 6240 1146646923902988.2
2081 6243 1373412319751019.8
2082 6246 1299232939654178.5
2083 6249 1270799748346199.0
2084 6252 1430228493133850.5
2085 6255 1394389723565075.0
2086 6258 1167778450079957.5
2087 6261 1225084649355596.5
2088 6264 1212298736647974.5
2089 6267 1366866578991533.8
2090 6270 1482295236291466.5
2091 6273 1375541816192112.5
2092 6276 1340966208063962.8
2093 6279 1324088381911236.2
2094 6282 1383957470804721.5
2095 6285 1331900233692400.5
2096 6288 1314377703805482.0
2097 6291 1245728688748828.5
2098 6294 1017620521905207.5
2099 6297 1344787169154847.5
2100 6300 1388017754531749.8
2101 6303 1300372338783451.0
2102 6306 1438936169968162.2
2103 6309 1181459843232715.5
2104 6312 1321891229791424.0
2105 6315 1445139278156748.8
2106 6318 1278739226305341.5
2107 6321 1301861286892238.8
2108 6324 1526178721432800.5
2109 6327 1369358622012821.5
2110 6330 1398446626346575.0
2111 6333 1450028050937781.0
2112 6336 1118087467382266.0
2113 6339 1247880677254284.8
2114 6342 1362909235070042.5
2115 6345 1280931440670704.5
2116 6348 1134201134080345.8
2117 6351 1372843308025110.0
2118 6354 1388833707590286.2
2119 6357 1441124492707927.5
2120 6360 1466587272055444.2
2121 6363 1419293919934334.0
2122 6366 1402419082979819.8
2123 6369 1375685775409419.5
2124 6372 1415581667582048.0
2125 6375 1265672829122710.2
2126 6378 1475950666636986.5
2127 6381 1573590178405464.5
2128 6384 1334925685114042.2
2129 6387 1374533499716579.0
2130 6390 1004544094666906.1
2131 6393 1231134924045956.0
2132 6396 1351601302603372.0
2133 6399 1256419686634289.0
2134 6402 1335444634374215.5
2135 6405 1330249824614791.0
2136 6408 1222466869208405.0
2137 6411 1268243422901499.2
2138 6414 1504624672330357.0
2139 6417 1348277383305789.5
2140 6420 1204910395610066.0
2141 6423 1253809885683033.2
2142 6426 1367359499493431.5
2143 6429 1517524343342115.0
2144 6432 1359940840910559.0
2145 6435 1285870756384142.5
2146 6438 1380898631645749.0
2147 6441 1345703905862852.5
2148 6444 1459616891449429.5
2149 6447 1298852140947675.0
2150 6450 1349897751313197.0
2151 6453 1410482286618121.0
2152 6456 1470045226686626.0
2153 6459 1281509104586081.5
2154 6462 1130805876100423.8
2155 6465 1385999412581614.8
2156 6468 1224452385070057.5
2157 6471 1395591988329077.2
2158 6474 1008706691440454.2
2159 6477 1228094224140880.8
2160 6480 1299930486427765.2
2161 6483 1251866469775359.8
2162 6486 1311486113871312.2
2163 6489 1262399177360110.0
2164 6492 1424011245711880.0
2165 6495 1365908458744261.0
2166 6498 1358049486565360.5
2167 6501 1358955180579279.5
2168 6504 1353770200845020.0
2169 6507 1387977163144009.5
2170 6510 1318144270303371.5
2171 6513 1492828725996974.2
2172 6516 1385030625715383.0
2173 6519 1293098996691377.0
2174 6522 1388919213109438.5
2175 6525 1305693158871751.8
2176 6528 1111469315430563.6
2177 6531 1318876815164200.0
2178 6534 1476879699916778.0
2179 6537 1405417322846963.5
2180 6540 1415127453239744.5
2181 6543 1257019893237062.0
2182 6546 1340226078754364.5
2183 6549 1182904309205869.8
2184 6552 1317543664649353.5
2185 6555 1340409066746857.0
2186 6558 1351741882984902.5
2187 6561 1331910440810801.5
2188 6564 1308098311922943.5
2189 6567 1202194852817869.2
2190 6570 1290428085754059.2
2191 6573 1067584208502188.8
2192 6576 1101706146586448.0
2193 6579 1329856916029050.8
2194 6582 1444451706164292.5
2195 6585 1509971195731687.5
2196 6588 1454198794193018.2
2197 6591 1344016843237414.5
2198 6594 1323125002289382.5
2199 6597 1268816089426860.5
2200 6600 1421151201600307.0
2201 6603 1354873863756259.5
2202 6606 1426680224317843.0
2203 6609 1395262875567999.2
2204 6612 1524661052892162.5
2205 6615 1273172312861277.5
2206 6618 1303426811308777.5
2207 6621 1377979741426451.8
2208 6624 1227033896856351.0
2209 6627 1477055106482117.8
2210 6630 1304691743985391.5
2211 6633 1286750401119487.0
2212 6636 1441140545128718.0
2213 6639 1281434933004901.2
2214 6642 1306859504723402.5
2215 6645 1028278951214049.8
2216 6648 1282070262094864.0
2217 6651 1203266997853713.0
2218 6654 1277110017362654.0
2219 6657 1302219231706656.8
2220 6660 1241057147602137.0
2221 6663 1316545813312436.0
2222 6666 1335833637029065.5
2223 6669 1213554019255483.8
2224 6672 1200241352799108.5
2225 6675 1145598150197827.8
2226 6678 1325537065533128.5
2227 6681 1213709717379539.0
2228 6684 1131670561092923.5
2229 6687 1181965664137852.0
2230 6690 1364009259228551.5
2231 6693 1444708629604071.2
2232 6696 1324254315932059.8
2233 6699 1451633223482591.2
2234 6702 1413510601604875.2
2235 6705 1218551618333391.5
2236 6708 1458718652321978.2
2237 6711 1499480342398700.2
2238 6714 1376781253738652.5
2239 6717 1252178819762010.8
2240 6720 1401806165617068.5
2241 6723 1269143493129706.5
2242 6726 1356228821897825.2
2243 6729 1335661345901757.8
2244 6732 1397593293273963.8
2245 6735 1273866057466327.0
2246 6738 1446732158322329.0
2247 6741 1336489443591148.0
2248 6744 1436501293425234.5
2249 6747 1437534654129191.0
2250 6750 1427330578336102.5
2251 6753 1191663136467483.0
2252 6756 1238899748268318.0
2253 6759 1241971184184042.8
2254 6762 1224284459005340.5
2255 6765 1335134219656994.0
2256 6768 1344015334179477.0
2257 6771 1368740496563442.0
2258 6774 1530200614773942.5
2259 6777 1372163363272382.5
2260 6780 1204349401675016.8
2261 6783 1250876227446203.5
2262 6786 1423072651169806.0
2263 6789 1497762500371929.8
2264 6792 1197500225334652.2
2265 6795 1052156152723526.2
2266 6798 1261858399890078.0
2267 6801 1302227766173007.0
2268 6804 1318568399483217.5
2269 6807 1361015978290871.2
2270 6810 1108844041263423.2
2271 6813 1383986178803208.0
2272 6816 1278452936423720.5
2273 6819 1365620932717325.5
2274 6822 1208144827852565.5
2275 6825 1331170654870258.0
2276 6828 1414339088710696.5
2277 6831 1143471030605036.2
2278 6834 1317543614015260.0
2279 6837 1327969074413010.8
2280 6840 1516038219929750.5
2281 6843 1350848287467332.5
2282 6846 1358642980979716.5
2283 6849 1492347301145010.2
2284 6852 1264662712536055.5
2285 6855 1254123444724214.5
2286 6858 1091357421034165.8
2287 6861 1110036294274510.8
2288 6864 1246672454070521.0
2289 6867 1152366865863552.0
2290 6870 1202421240231457.5
2291 6873 1278391018048573.0
2292 6876 1250219314880134.0
2293 6879 1213702100149025.0
2294 6882 1265890540124081.5
2295 6885 985059730376070.6
2296 6888 1339292189993228.5
2297 6891 1217562637747866.8
2298 6894 1108136548689141.6
2299 6897 1299262963718493.5
2300 6900 1289947525291964.2
2301 6903 1247016615715544.8
2302 6906 1270655266888277.0
2303 6909 977626813950870.6
2304 6912 1312672289951028.2
2305 6915 1336267874121601.8
2306 6918 1319206164347346.5
2307 6921 1435824620688944.0
2308 6924 1442905374913779.5
2309 6927 1311444003751368.5
2310 6930 1532911855082761.8
2311 6933 1567532289810117.0
2312 6936 1230021565699473.0
2313 6939 1314112919190614.5
2314 6942 1342591686412850.5
2315 6945 1337853322576667.0
2316 6948 1093555656115474.0
2317 6951 1302760966454274.0
2318 6954 1279254441741046.5
2319 6957 1384285495508155.8
2320 6960 1392289137005072.0
2321 6963 1192898791852694.0
2322 6966 1352552695503536.0
2323 6969 1336327421114658.5
2324 6972 1439769837447840.0
2325 6975 1298984195467152.0
2326 6978 1433186915571026.0
2327 6981 1326507871449587.0
2328 6984 1313639182802715.5
2329 6987 1406146024223225.5
2330 6990 1441336057938577.8
2331 6993 1336619517911497.0
2332 6996 1377956846865013.0
2333 6999 1018401986197371.5
2334 7002 1438184798723314.5
2335 7005 1215847031558683.0
2336 7008 1266631795228240.2
2337 7011 1005925470692198.4
2338 7014 1342117869257495.0
2339 7017 1429562604910255.5
2340 7020 1216302983771036.5
2341 7023 1319606079744453.5
2342 7026 1200630317544569.2
2343 7029 1218251745302656.8
2344 7032 1298633617057483.2
2345 7035 1249178535185276.5
2346 7038 1279784059816047.0
2347 7041 1292336058689292.0
2348 7044 1338699736005785.2
2349 7047 1460016188665306.5
2350 7050 1245730849605717.8
2351 7053 1223644701743888.2
2352 7056 1345007025994851.5
2353 7059 965332191675725.6
2354 7062 1425123181209109.0
2355 7065 1254700207296639.0
2356 7068 1398097072413449.0
2357 7071 1261551515085353.8
2358 7074 1434455765548830.0
2359 7077 1353316696826388.5
2360 7080 1358120720689547.8
2361 7083 1288490780817694.5
2362 7086 1522014789369363.5
2363 7089 1380065962021920.8
2364 7092 1411268613847592.2
2365 7095 1573657653176540.5
2366 7098 1326598960602914.0
2367 7101 1311797571650411.8
2368 7104 1307110748817202.8
2369 7107 1319691288267549.8
2370 7110 1386749267099075.5
2371 7113 1377703980637628.2
2372 7116 1250196148116886.2
2373 7119 1265268084166199.0
2374 7122 1247251996627078.0
2375 7125 1496213784114596.2
2376 7128 1338937361631477.0
2377 7131 1292392151184486.0
2378 7134 1385051758345857.0
2379 7137 1540527672002724.0
2380 7140 1346640615128511.0
2381 7143 1347488933991700.5
2382 7146 1113663783444127.5
2383 7149 1409330753940737.5
2384 7152 1396739339298298.8
2385 7155 1429092772597206.0
2386 7158 1446675168804356.5
2387 7161 1297833780956207.0
2388 7164 1289466314734675.8
2389 7167 1310923277481003.0
2390 7170 1233912801177965.0
2391 7173 1136412496649766.0
2392 7176 1479566515851862.5
2393 7179 1325151269555423.5
2394 7182 1363170282236700.5
2395 7185 1379752147203995.5
2396 7188 1433253270416809.5
2397 7191 1255073580258176.5
2398 7194 1308097747922933.5
2399 7197 1308392648590028.5
2400 7200 1236026471093049.0
2401 7203 1175325524693544.0
2402 7206 1378664996991401.0
2403 7209 1235782662498861.5
2404 7212 1186483336643201.0
2405 7215 1389046011422925.5
2406 7218 1291197662448769.0
2407 7221 1367144273207308.5
2408 7224 1361590748115566.2
2409 7227 1297577397756107.5
2410 7230 1416996851977339.8
2411 7233 1361917023902068.5
2412 7236 1204032041736869.5
2413 7239 1201877679671468.2
2414 7242 1244881138965223.8
2415 7245 1353921356804181.0
2416 7248 1323763318547556.0
2417 7251 1236352100640851.5
2418 7254 1489390314102972.5
2419 7257 1467738167578955.5
2420 7260 1347401455543974.0
2421 7263 1317883146867604.8
2422 7266 1392229464822989.0
2423 7269 1281928173038898.8
2424 7272 1347484071492268.0
2425 7275 1215984529598062.0
2426 7278 1316105267288437.0
2427 7281 1271712829077873.0
2428 7284 1280208685361802.8
2429 7287 1056783750884171.9
2430 7290 1147483030844821.0
2431 7293 1084160686208330.9
2432 7296 1255549113795875.0
2433 7299 1306470390003475.5
2434 7302 1308689012498782.5
2435 7305 1333140095212415.5
2436 7308 1457698730016211.8
2437 7311 1301506121777856.0
2438 7314 1402468201549548.2
2439 7317 1430244297159013.0
2440 7320 1540642198057123.0
2441 7323 1408350317334790.2
2442 7326 1377267485469909.5
2443 7329 1372856235862619.5
2444 7332 1334903753489263.0
2445 7335 1400257767270652.0
2446 7338 1279171907412546.0
2447 7341 1281854571084588.5
2448 7344 1255886557664386.5
2449 7347 1344691441871721.0
2450 7350 1332941314508664.5
2451 7353 1240343975172826.5
2452 7356 1352275904860659.2
2453 7359 1412864797182877.5
2454 7362 1384875620143332.5
2455 7365 1497614191006789.8
2456 7368 1342060539809787.8
2457 7371 1465069390393112.0
2458 7374 1382671036539803.0
2459 7377 1300888515895058.8
2460 7380 1500661849471057.5
2461 7383 1395839732597022.0
2462 7386 1331529191283912.8
2463 7389 1094679958568474.0
2464 7392 1356393126718523.5
2465 7395 1244766930739878.0
2466 7398 1300288375212866.5
2467 7401 1274167566336289.8
2468 7404 1301274557307287.0
2469 7407 1430082812455179.8
2470 7410 1360361887596421.5
2471 7413 1205507174860923.5
2472 7416 1279403139587878.5
2473 7419 1419878933825542.2
2474 7422 1504963026753716.5
2475 7425 1284224655316895.0
2476 7428 1354942136893687.2
2477 7431 1302673196940619.5
2478 7434 1286102361059123.5
2479 7437 1461318071794873.0
2480 7440 1314574738761309.8
2481 7443 1451261010609536.8
2482 7446 1106649753631657.0
2483 7449 1359801021109124.0
2484 7452 1430455623010504.5
2485 7455 1255158190445451.0
2486 7458 1396683362561638.5
2487 7461 1137068871502773.0
2488 7464 1216726114870861.2
2489 7467 1350048998312332.0
2490 7470 1296513287825054.0
2491 7473 1315910384405898.2
2492 7476 1203137830671299.0
2493 7479 1254366430181343.8
2494 7482 1344581246818788.0
2495 7485 1469968490548038.5
2496 7488 1415775624104011.2
2497 7491 1340451717935528.5
2498 7494 1411154178691597.0
2499 7497 1189131124967143.5
2500 7500 1368065651227909.0
2501 7503 1433413111097119.8
2502 7506 1396336732091061.2
2503 7509 1469832160692851.5
2504 7512 1421128072633124.0
2505 7515 1487883852641278.5
2506 7518 1239766550116328.2
2507 7521 1419473024743097.0
2508 7524 1437715082662367.0
2509 7527 1318879261409385.2
2510 7530 1142025040454671.0
2511 7533 1404006505771464.0
2512 7536 1194243797209242.0
2513 7539 1108869354373693.0
2514 7542 1341397815292197.8
2515 7545 1456720979653556.5
2516 7548 1373022691719131.0
2517 7551 1246009241421439.0
2518 7554 1330352544099742.8
2519 7557 1226065155069918.5
2520 7560 1327913389749973.5
2521 7563 1150551501370447.0
2522 7566 1427655738484842.2
2523 7569 1327673854267065.5
2524 7572 1262399064315062.2
2525 7575 1307359387180415.0
2526 7578 1253030778672928.0
2527 7581 1222597331693882.0
2528 7584 678714584693045.0
2529 7587 1315150480280977.5
2530 7590 1530784887217830.5
2531 7593 1156913370956002.2
2532 7596 1375559441365375.0
2533 7599 1476903011070776.0
2534 7602 1469503529753095.0
2535 7605 1414333338283629.5
2536 7608 1463335545602757.0
2537 7611 1368846652236294.2
2538 7614 1248754303831765.0
2539 7617 1243444781041367.8
2540 7620 1172636355741903.5
2541 7623 1363427473766637.0
2542 7626 1292526893364972.8
2543 7629 1435963627864551.0
2544 7632 1229300024394280.2
2545 7635 1338722955279555.0
2546 7638 1334684859611519.0
2547 7641 1338690633794255.8
2548 7644 1363901066491267.0
2549 7647 1365315438938581.0
2550 7650 1405806154428998.2
2551 7653 1388574946065763.0
2552 7656 1346213045470937.8
2553 7659 1359314501870663.8
2554 7662 1403888973681986.5
2555 7665 1356560907250826.0
2556 7668 1538715587436049.0
2557 7671 1133019558641401.0
2558 7674 1392412618428221.0
2559 7677 1347365397962488.5
2560 7680 1430368370136030.8
2561 7683 1366105509010724.5
2562 7686 1426039212798819.0
2562 7686 1426039212798819.0
# End with condition = bbob_stagnation2563 7692 1139320070696726.2
2564 7698 1117051684091919.2
2565 7704 1310208600596870.5
2566 7710 1243987786228206.2
2567 7716 1270689979182743.2
2568 7722 1321360974841582.5
2569 7728 1291010396720444.5
2570 7734 1402847217291539.2
2571 7740 1344700960068200.5
2572 7746 1245279272257454.5
2573 7752 715156950955110.5
2574 7758 1232521889217249.5
2575 7764 1198438596099588.8
2576 7770 1369532667115809.5
2577 7776 1082905105321325.6
2578 7782 1211000776323818.0
2579 7788 1243924485215134.5
2580 7794 976314894639685.8
2581 7800 1264601424680623.2
2582 7806 1368490151774526.2
2583 7812 1308479831824675.8
2584 7818 1335597818354609.8
2585 7824 1341107620147003.2
2586 7830 1398873762128651.0
2587 7836 1120897238247827.5
2588 7842 1273672205669501.8
2589 7848 1252697629262208.0
2590 7854 1407675988255387.5
2591 7860 1312656894643677.2
2592 7866 1387225060048259.8
2593 7872 1285410431931492.5
2594 7878 1287335077892188.2
2595 7884 1115009761360753.8
2596 7890 1085984039383154.1
2597 7896 1187504271605777.0
2598 7902 1268015462552062.5
2599 7908 1186229135505880.8
2600 7914 1407062818808048.0
2601 7920 1257026332376569.8
2602 7926 1224484426918298.5
2603 7932 1331501113110750.0
2604 7938 1233283641049486.5
2605 7944 1327197465519732.2
2606 7950 1409972839513287.0
2607 7956 1270174265422168.0
2608 7962 1135359600550805.5
2609 7968 1168271524314151.2
2610 7974 1167849267590286.0
2611 7980 1093605018979540.0
2612 7986 1132338191799597.0
2613 7992 1149027382424209.2
2614 7998 1316538039959342.0
2615 8004 1224485914925923.5
2616 8010 1162333634624261.5
2617 8016 1194779917991611.5
2618 8022 1185020787509216.0
2619 8028 1309394723095976.2
2620 8034 1340414848612956.0
2621 8040 1195695490980114.5
2622 8046 1024048260601376.2
2623 8052 1283715592790554.5
2624 8058 1189829090772457.8
2625 8064 1267488058864782.8
2626 8070 1352206587921917.8
2627 8076 1099747142057111.2
2628 8082 1310040641987711.8
2629 8088 1344720104899026.5
2630 8094 1310855264015580.0
2631 8100 1485520225103572.0
2632 8106 1235739690846769.2
2633 8112 1388998905631857.8
2634 8118 1382746825898317.8
2635 8124 1272422319333715.5
2636 8130 1272123632309060.5
2637 8136 1441896108126661.8
2638 8142 1224949620506697.8
2639 8148 1235354682356664.0
2640 8154 1402254058652568.5
2641 8160 1162894863546564.5
2642 8166 1226368309093464.8
2643 8172 1235989776384013.5
2644 8178 1300859528652119.5
2645 8184 1367030370140257.5
2646 8190 1349462372032979.5
2647 8196 1201001914607011.5
2648 8202 1220419880414953.8
2649 8208 1201886547230348.8
2650 8214 1333328197071153.2
2651 8220 1263187996744810.0
2652 8226 1336367291341357.0
2653 8232 1247426760425165.8
2654 8238 1312169699385788.8
2655 8244 1255135840493013.5
2656 8250 1261110148405082.5
2657 8256 1257130785095591.8
2658 8262 976453192401671.1
2659 8268 1313073875815772.0
2660 8274 1336537212298961.0
2661 8280 1198611422982555.5
2662 8286 1137405202808782.0
2663 8292 1269578975748173.0
2664 8298 1168996766763349.5
2665 8304 1143579032293009.5
2666 8310 1261245766275538.8
2667 8316 1210044793083891.0
2668 8322 1235123607833884.0
2669 8328 1226182774780253.5
2670 8334 1225921024794890.0
2671 8340 1212061577760453.5
2672 8346 1248877981105447.0
2673 8352 1145170571404002.0
2674 8358 1349737843642802.0
2675 8364 1175737243920243.8
2676 8370 1268066709812790.5
2677 8376 1240790704628667.5
2678 8382 1120344994514302.2
2679 8388 1089661158143266.6
2680 8394 1277361043418603.0
2681 8400 1291727548155434.0
2682 8406 1220516270428951.8
2683 8412 1273108924689543.5
2684 8418 1253103576555615.0
